ASOF         2013-02-23T07:14:56+0000
UPDATED      2013-02-23T07:14:56+0000
LASTPLAYED   2009-08-07 Middlesbrough Sheff_Utd 0 0
ITERATIONS   2
BEGINTABLE
                -- Current --     ------- Expected -------     --------------- Percentage chance ---------------
Team            Pld  Pts   GD     Points  sd(pts)       GD     Top1     Top2     Top6  2+[3-6]     Bot3     Bot1
Newcastle        46  102  +55     102.00     0.00    55.00   100.00   100.00   100.00   100.00P    0.00     0.00  
West_Brom        46   91  +41      91.00     0.00    41.00     0.00   100.00   100.00   100.00P    0.00     0.00  
Nott'm_Forest    46   79  +25      79.00     0.00    25.00     0.00     0.00   100.00     0.00     0.00     0.00  
Cardiff          46   76  +19      76.00     0.00    19.00     0.00     0.00   100.00    50.00P    0.00     0.00  
Leicester        46   76  +16      76.00     0.00    16.00     0.00     0.00   100.00     0.00     0.00     0.00  
Blackpool        46   70  +16      70.00     0.00    16.00     0.00     0.00   100.00    50.00P    0.00     0.00  
Swansea          46   69   +3      69.00     0.00     3.00     0.00     0.00     0.00     0.00     0.00     0.00  
Sheff_Utd        46   65   +7      65.00     0.00     7.00     0.00     0.00     0.00     0.00     0.00     0.00  
Reading          46   63   +5      63.00     0.00     5.00     0.00     0.00     0.00     0.00     0.00     0.00  
Bristol_City     46   63   -9      63.00     0.00    -9.00     0.00     0.00     0.00     0.00     0.00     0.00  
Middlesbrough    46   62   +8      62.00     0.00     8.00     0.00     0.00     0.00     0.00     0.00     0.00  
Doncaster        46   60   +1      60.00     0.00     1.00     0.00     0.00     0.00     0.00     0.00     0.00  
QPR              46   57   -7      57.00     0.00    -7.00     0.00     0.00     0.00     0.00     0.00     0.00  
Derby            46   56  -10      56.00     0.00   -10.00     0.00     0.00     0.00     0.00     0.00     0.00  
Ipswich          46   56  -11      56.00     0.00   -11.00     0.00     0.00     0.00     0.00     0.00     0.00  
Watford          46   54   -7      54.00     0.00    -7.00     0.00     0.00     0.00     0.00     0.00     0.00  
Preston          46   54  -15      54.00     0.00   -15.00     0.00     0.00     0.00     0.00     0.00     0.00  
Barnsley         46   54  -16      54.00     0.00   -16.00     0.00     0.00     0.00     0.00     0.00     0.00  
Coventry         46   54  -17      54.00     0.00   -17.00     0.00     0.00     0.00     0.00     0.00     0.00  
Scunthorpe       46   52  -22      52.00     0.00   -22.00     0.00     0.00     0.00     0.00     0.00     0.00  
Crystal_Palace   46   49   -3      49.00     0.00    -3.00     0.00     0.00     0.00     0.00     0.00     0.00  
Sheff_Wed        46   47  -20      47.00     0.00   -20.00     0.00     0.00     0.00     0.00   100.00R    0.00  
Plymouth         46   41  -25      41.00     0.00   -25.00     0.00     0.00     0.00     0.00   100.00R    0.00  
Peterborough     46   34  -34      34.00     0.00   -34.00     0.00     0.00     0.00     0.00   100.00R  100.00  

Adjustments:
Crystal_Palace   -10
