ASOF         2013-02-23T07:14:53+0000
UPDATED      2013-02-23T07:14:53+0000
LASTPLAYED   1997-05-04 Bradford QPR 3 0
ITERATIONS   2
BEGINTABLE
                -- Current --     ------- Expected -------     --------------- Percentage chance ---------------
Team            Pld  Pts   GD     Points  sd(pts)       GD     Top1     Top2     Top6  2+[3-6]     Bot3     Bot1
Bolton           46   98  +47      98.00     0.00    47.00   100.00   100.00   100.00   100.00P    0.00     0.00  
Barnsley         46   80  +21      80.00     0.00    21.00     0.00   100.00   100.00   100.00P    0.00     0.00  
Wolverhampton    46   76  +17      76.00     0.00    17.00     0.00     0.00   100.00     0.00     0.00     0.00  
Ipswich          46   74  +18      74.00     0.00    18.00     0.00     0.00   100.00    50.00P    0.00     0.00  
Sheff_Utd        46   73  +23      73.00     0.00    23.00     0.00     0.00   100.00    50.00P    0.00     0.00  
Crystal_Palace   46   71  +30      71.00     0.00    30.00     0.00     0.00   100.00     0.00     0.00     0.00  
Portsmouth       46   68   +6      68.00     0.00     6.00     0.00     0.00     0.00     0.00     0.00     0.00  
Port_Vale        46   67   +3      67.00     0.00     3.00     0.00     0.00     0.00     0.00     0.00     0.00  
QPR              46   66   +4      66.00     0.00     4.00     0.00     0.00     0.00     0.00     0.00     0.00  
Birmingham       46   66   +4      66.00     0.00     4.00     0.00     0.00     0.00     0.00     0.00     0.00  
Tranmere         46   65   +6      65.00     0.00     6.00     0.00     0.00     0.00     0.00     0.00     0.00  
Stoke            46   64   -6      64.00     0.00    -6.00     0.00     0.00     0.00     0.00     0.00     0.00  
Norwich          46   63   -5      63.00     0.00    -5.00     0.00     0.00     0.00     0.00     0.00     0.00  
Man_City         46   61   +0      61.00     0.00     0.00     0.00     0.00     0.00     0.00     0.00     0.00  
Charlton         46   59  -14      59.00     0.00   -14.00     0.00     0.00     0.00     0.00     0.00     0.00  
West_Brom        46   57   -4      57.00     0.00    -4.00     0.00     0.00     0.00     0.00     0.00     0.00  
Oxford_Utd       46   57   -4      57.00     0.00    -4.00     0.00     0.00     0.00     0.00     0.00     0.00  
Reading          46   57   -9      57.00     0.00    -9.00     0.00     0.00     0.00     0.00     0.00     0.00  
Huddersfield     46   54  -13      54.00     0.00   -13.00     0.00     0.00     0.00     0.00     0.00     0.00  
Swindon          46   54  -19      54.00     0.00   -19.00     0.00     0.00     0.00     0.00     0.00     0.00  
Bradford         46   48  -25      48.00     0.00   -25.00     0.00     0.00     0.00     0.00     0.00     0.00  
Grimsby          46   46  -22      46.00     0.00   -22.00     0.00     0.00     0.00     0.00   100.00R    0.00  
Oldham           46   43  -15      43.00     0.00   -15.00     0.00     0.00     0.00     0.00   100.00R    0.00  
Southend         46   39  -43      39.00     0.00   -43.00     0.00     0.00     0.00     0.00   100.00R  100.00  
