ASOF         2013-02-23T07:14:54+0000
UPDATED      2013-02-23T07:14:54+0000
LASTPLAYED   2000-05-14 Aston_Villa Man_Utd 0 1
ITERATIONS   2
BEGINTABLE
               -- Current --     ------- Expected -------     ------------------- Percentage chance --------------------
Team           Pld  Pts   GD     Points  sd(pts)       GD     Top1     Top2     Top3     Top4     Top6     Bot3     Bot1
Man_Utd         38   91  +52      91.00     0.00    52.00   100.00   100.00   100.00   100.00   100.00     0.00     0.00  
Arsenal         38   73  +30      73.00     0.00    30.00     0.00   100.00   100.00   100.00   100.00     0.00     0.00  
Leeds_United    38   69  +15      69.00     0.00    15.00     0.00     0.00   100.00   100.00   100.00     0.00     0.00  
Liverpool       38   67  +21      67.00     0.00    21.00     0.00     0.00     0.00   100.00   100.00     0.00     0.00  
Chelsea         38   65  +19      65.00     0.00    19.00     0.00     0.00     0.00     0.00   100.00     0.00     0.00  
Aston_Villa     38   58  +11      58.00     0.00    11.00     0.00     0.00     0.00     0.00   100.00     0.00     0.00  
Sunderland      38   58   +1      58.00     0.00     1.00     0.00     0.00     0.00     0.00     0.00     0.00     0.00  
Leicester       38   55   +0      55.00     0.00     0.00     0.00     0.00     0.00     0.00     0.00     0.00     0.00  
West_Ham        38   55   -1      55.00     0.00    -1.00     0.00     0.00     0.00     0.00     0.00     0.00     0.00  
Tottenham       38   53   +8      53.00     0.00     8.00     0.00     0.00     0.00     0.00     0.00     0.00     0.00  
Newcastle       38   52   +9      52.00     0.00     9.00     0.00     0.00     0.00     0.00     0.00     0.00     0.00  
Middlesbrough   38   52   -6      52.00     0.00    -6.00     0.00     0.00     0.00     0.00     0.00     0.00     0.00  
Everton         38   50  +10      50.00     0.00    10.00     0.00     0.00     0.00     0.00     0.00     0.00     0.00  
Coventry        38   44   -7      44.00     0.00    -7.00     0.00     0.00     0.00     0.00     0.00     0.00     0.00  
Southampton     38   44  -17      44.00     0.00   -17.00     0.00     0.00     0.00     0.00     0.00     0.00     0.00  
Derby           38   38  -13      38.00     0.00   -13.00     0.00     0.00     0.00     0.00     0.00     0.00     0.00  
Bradford        38   36  -30      36.00     0.00   -30.00     0.00     0.00     0.00     0.00     0.00     0.00     0.00  
AFC_Wimbledon   38   33  -28      33.00     0.00   -28.00     0.00     0.00     0.00     0.00     0.00   100.00R    0.00  
Sheff_Wed       38   31  -32      31.00     0.00   -32.00     0.00     0.00     0.00     0.00     0.00   100.00R    0.00  
Watford         38   24  -42      24.00     0.00   -42.00     0.00     0.00     0.00     0.00     0.00   100.00R  100.00  
