ASOF         2013-02-23T07:14:54+0000
UPDATED      2013-02-23T07:14:54+0000
LASTPLAYED   2001-05-19 Charlton Liverpool 0 4
ITERATIONS   2
BEGINTABLE
               -- Current --     ------- Expected -------     ------------------- Percentage chance --------------------
Team           Pld  Pts   GD     Points  sd(pts)       GD     Top1     Top2     Top3     Top4     Top6     Bot3     Bot1
Man_Utd         38   80  +48      80.00     0.00    48.00   100.00   100.00   100.00   100.00   100.00     0.00     0.00  
Arsenal         38   70  +25      70.00     0.00    25.00     0.00   100.00   100.00   100.00   100.00     0.00     0.00  
Liverpool       38   69  +32      69.00     0.00    32.00     0.00     0.00   100.00   100.00   100.00     0.00     0.00  
Leeds_United    38   68  +21      68.00     0.00    21.00     0.00     0.00     0.00   100.00   100.00     0.00     0.00  
Ipswich         38   66  +15      66.00     0.00    15.00     0.00     0.00     0.00     0.00   100.00     0.00     0.00  
Chelsea         38   61  +23      61.00     0.00    23.00     0.00     0.00     0.00     0.00   100.00     0.00     0.00  
Sunderland      38   57   +5      57.00     0.00     5.00     0.00     0.00     0.00     0.00     0.00     0.00     0.00  
Aston_Villa     38   54   +3      54.00     0.00     3.00     0.00     0.00     0.00     0.00     0.00     0.00     0.00  
Charlton        38   52   -7      52.00     0.00    -7.00     0.00     0.00     0.00     0.00     0.00     0.00     0.00  
Southampton     38   52   -8      52.00     0.00    -8.00     0.00     0.00     0.00     0.00     0.00     0.00     0.00  
Newcastle       38   51   -6      51.00     0.00    -6.00     0.00     0.00     0.00     0.00     0.00     0.00     0.00  
Tottenham       38   49   -7      49.00     0.00    -7.00     0.00     0.00     0.00     0.00     0.00     0.00     0.00  
Leicester       38   48  -12      48.00     0.00   -12.00     0.00     0.00     0.00     0.00     0.00     0.00     0.00  
Middlesbrough   38   42   +0      42.00     0.00     0.00     0.00     0.00     0.00     0.00     0.00     0.00     0.00  
West_Ham        38   42   -5      42.00     0.00    -5.00     0.00     0.00     0.00     0.00     0.00     0.00     0.00  
Everton         38   42  -14      42.00     0.00   -14.00     0.00     0.00     0.00     0.00     0.00     0.00     0.00  
Derby           38   42  -22      42.00     0.00   -22.00     0.00     0.00     0.00     0.00     0.00     0.00     0.00  
Man_City        38   34  -24      34.00     0.00   -24.00     0.00     0.00     0.00     0.00     0.00   100.00R    0.00  
Coventry        38   34  -27      34.00     0.00   -27.00     0.00     0.00     0.00     0.00     0.00   100.00R    0.00  
Bradford        38   26  -40      26.00     0.00   -40.00     0.00     0.00     0.00     0.00     0.00   100.00R  100.00  
