ASOF         2013-02-23T07:14:56+0000
UPDATED      2013-02-23T07:14:56+0000
LASTPLAYED   2006-08-05 Stockport Hereford 0 2
ITERATIONS   2
BEGINTABLE
                    -- Current --     ------- Expected -------     --------------- Percentage chance ---------------
Team                Pld  Pts   GD     Points  sd(pts)       GD     Top1     Top3     Top7  3+[4-7]     Bot2     Bot1
Walsall              46   89  +32      89.00     0.00    32.00   100.00   100.00   100.00   100.00P    0.00     0.00  
Hartlepool           46   88  +25      88.00     0.00    25.00     0.00   100.00   100.00   100.00P    0.00     0.00  
Swindon              46   85  +20      85.00     0.00    20.00     0.00   100.00   100.00   100.00P    0.00     0.00  
MK_Dons              46   84  +18      84.00     0.00    18.00     0.00     0.00   100.00    50.00P    0.00     0.00  
Lincoln_City         46   74  +11      74.00     0.00    11.00     0.00     0.00   100.00     0.00     0.00     0.00  
Bristol_Rovers       46   72   +7      72.00     0.00     7.00     0.00     0.00   100.00     0.00     0.00     0.00  
Shrewsbury           46   71  +22      71.00     0.00    22.00     0.00     0.00   100.00    50.00P    0.00     0.00  
Stockport            46   71  +11      71.00     0.00    11.00     0.00     0.00     0.00     0.00     0.00     0.00  
Rochdale             46   66  +20      66.00     0.00    20.00     0.00     0.00     0.00     0.00     0.00     0.00  
Peterborough         46   65   +9      65.00     0.00     9.00     0.00     0.00     0.00     0.00     0.00     0.00  
Darlington           46   65   -4      65.00     0.00    -4.00     0.00     0.00     0.00     0.00     0.00     0.00  
Wycombe              46   62   +5      62.00     0.00     5.00     0.00     0.00     0.00     0.00     0.00     0.00  
Notts_County         46   62   +2      62.00     0.00     2.00     0.00     0.00     0.00     0.00     0.00     0.00  
Barnet               46   59  -15      59.00     0.00   -15.00     0.00     0.00     0.00     0.00     0.00     0.00  
Grimsby              46   59  -16      59.00     0.00   -16.00     0.00     0.00     0.00     0.00     0.00     0.00  
Hereford             46   55   -8      55.00     0.00    -8.00     0.00     0.00     0.00     0.00     0.00     0.00  
Mansfield            46   54   -5      54.00     0.00    -5.00     0.00     0.00     0.00     0.00     0.00     0.00  
Chester              46   53   -8      53.00     0.00    -8.00     0.00     0.00     0.00     0.00     0.00     0.00  
Wrexham              46   51  -22      51.00     0.00   -22.00     0.00     0.00     0.00     0.00     0.00     0.00  
Accrington_Stanley   46   50  -11      50.00     0.00   -11.00     0.00     0.00     0.00     0.00     0.00     0.00  
Bury                 46   50  -15      50.00     0.00   -15.00     0.00     0.00     0.00     0.00     0.00     0.00  
Macclesfield         46   48  -22      48.00     0.00   -22.00     0.00     0.00     0.00     0.00     0.00     0.00  
Boston               46   46  -29      46.00     0.00   -29.00     0.00     0.00     0.00     0.00   100.00R    0.00  
Torquay              46   35  -27      35.00     0.00   -27.00     0.00     0.00     0.00     0.00   100.00R  100.00  
