ASOF         2013-02-23T07:14:54+0000
UPDATED      2013-02-23T07:14:54+0000
LASTPLAYED   2003-05-11 Birmingham West_Ham 2 2
ITERATIONS   2
BEGINTABLE
               -- Current --     ------- Expected -------     ------------------- Percentage chance --------------------
Team           Pld  Pts   GD     Points  sd(pts)       GD     Top1     Top2     Top3     Top4     Top6     Bot3     Bot1
Man_Utd         38   83  +40      83.00     0.00    40.00   100.00   100.00   100.00   100.00   100.00     0.00     0.00  
Arsenal         38   78  +43      78.00     0.00    43.00     0.00   100.00   100.00   100.00   100.00     0.00     0.00  
Newcastle       38   69  +15      69.00     0.00    15.00     0.00     0.00   100.00   100.00   100.00     0.00     0.00  
Chelsea         38   67  +30      67.00     0.00    30.00     0.00     0.00     0.00   100.00   100.00     0.00     0.00  
Liverpool       38   64  +20      64.00     0.00    20.00     0.00     0.00     0.00     0.00   100.00     0.00     0.00  
Blackburn       38   60   +9      60.00     0.00     9.00     0.00     0.00     0.00     0.00   100.00     0.00     0.00  
Everton         38   59   -1      59.00     0.00    -1.00     0.00     0.00     0.00     0.00     0.00     0.00     0.00  
Southampton     38   52   -3      52.00     0.00    -3.00     0.00     0.00     0.00     0.00     0.00     0.00     0.00  
Man_City        38   51   -7      51.00     0.00    -7.00     0.00     0.00     0.00     0.00     0.00     0.00     0.00  
Tottenham       38   50  -11      50.00     0.00   -11.00     0.00     0.00     0.00     0.00     0.00     0.00     0.00  
Middlesbrough   38   49   +4      49.00     0.00     4.00     0.00     0.00     0.00     0.00     0.00     0.00     0.00  
Charlton        38   49  -11      49.00     0.00   -11.00     0.00     0.00     0.00     0.00     0.00     0.00     0.00  
Birmingham      38   48   -8      48.00     0.00    -8.00     0.00     0.00     0.00     0.00     0.00     0.00     0.00  
Fulham          38   48   -9      48.00     0.00    -9.00     0.00     0.00     0.00     0.00     0.00     0.00     0.00  
Leeds_United    38   47   +1      47.00     0.00     1.00     0.00     0.00     0.00     0.00     0.00     0.00     0.00  
Aston_Villa     38   45   -5      45.00     0.00    -5.00     0.00     0.00     0.00     0.00     0.00     0.00     0.00  
Bolton          38   44  -10      44.00     0.00   -10.00     0.00     0.00     0.00     0.00     0.00     0.00     0.00  
West_Ham        38   42  -17      42.00     0.00   -17.00     0.00     0.00     0.00     0.00     0.00   100.00R    0.00  
West_Brom       38   26  -36      26.00     0.00   -36.00     0.00     0.00     0.00     0.00     0.00   100.00R    0.00  
Sunderland      38   19  -44      19.00     0.00   -44.00     0.00     0.00     0.00     0.00     0.00   100.00R  100.00  
