ASOF         2013-02-23T07:14:57+0000
UPDATED      2013-02-23T07:14:57+0000
LASTPLAYED   2010-08-14 Crawley_Town Grimsby 0 1
ITERATIONS   2
BEGINTABLE
                  -- Current --     ------- Expected -------     ---------- Percentage chance -----------
Team              Pld  Pts   GD     Points  sd(pts)       GD     Top1     Top5  1+[2-5]     Bot3     Bot1
Crawley_Town       46  105  +63     105.00     0.00    63.00   100.00   100.00   100.00P    0.00     0.00  
AFC_Wimbledon      46   90  +36      90.00     0.00    36.00     0.00   100.00    50.00P    0.00     0.00  
Luton              46   84  +48      84.00     0.00    48.00     0.00   100.00    50.00P    0.00     0.00  
Wrexham            46   81  +17      81.00     0.00    17.00     0.00   100.00     0.00     0.00     0.00  
Fleetwood_Town     46   78  +26      78.00     0.00    26.00     0.00   100.00     0.00     0.00     0.00  
Kidderminster      46   72  +14      72.00     0.00    14.00     0.00     0.00     0.00     0.00     0.00  
Darlington         46   71  +19      71.00     0.00    19.00     0.00     0.00     0.00     0.00     0.00  
York               46   71   +5      71.00     0.00     5.00     0.00     0.00     0.00     0.00     0.00  
Newport_County     46   69  +18      69.00     0.00    18.00     0.00     0.00     0.00     0.00     0.00  
Bath_City          46   63   -4      63.00     0.00    -4.00     0.00     0.00     0.00     0.00     0.00  
Grimsby            46   62  +10      62.00     0.00    10.00     0.00     0.00     0.00     0.00     0.00  
Rushden_&_D'mnds   46   62   +3      62.00     0.00     3.00     0.00     0.00     0.00     0.00     0.00  
Mansfield          46   61   -2      61.00     0.00    -2.00     0.00     0.00     0.00     0.00     0.00  
Kettering          46   58  -11      58.00     0.00   -11.00     0.00     0.00     0.00     0.00     0.00  
Gateshead          46   57   -3      57.00     0.00    -3.00     0.00     0.00     0.00     0.00     0.00  
Hayes_&_Yeading    46   51  -24      51.00     0.00   -24.00     0.00     0.00     0.00     0.00     0.00  
Cambridge_Utd      46   50   -8      50.00     0.00    -8.00     0.00     0.00     0.00     0.00     0.00  
Barrow             46   50  -15      50.00     0.00   -15.00     0.00     0.00     0.00     0.00     0.00  
Tamworth           46   49  -21      49.00     0.00   -21.00     0.00     0.00     0.00     0.00     0.00  
Forest_Green       46   46  -19      46.00     0.00   -19.00     0.00     0.00     0.00     0.00     0.00  
Southport          46   46  -21      46.00     0.00   -21.00     0.00     0.00     0.00     0.00     0.00  
Altrincham         46   44  -40      44.00     0.00   -40.00     0.00     0.00     0.00   100.00R    0.00  
Eastbourne_Boro    46   39  -42      39.00     0.00   -42.00     0.00     0.00     0.00   100.00R    0.00  
Histon             46   28  -49      28.00     0.00   -49.00     0.00     0.00     0.00   100.00R  100.00  

Adjustments:
Histon             -5
Kidderminster      -5
