ASOF         2013-02-23T07:14:55+0000
UPDATED      2013-02-23T07:14:55+0000
LASTPLAYED   2004-05-08 Brentford Bournemouth 1 0
ITERATIONS   2
BEGINTABLE
                  -- Current --     ------- Expected -------     --------------- Percentage chance ---------------
Team              Pld  Pts   GD     Points  sd(pts)       GD     Top1     Top2     Top6  2+[3-6]     Bot4     Bot1
Plymouth           46   90  +44      90.00     0.00    44.00   100.00   100.00   100.00   100.00P    0.00     0.00  
QPR                46   83  +35      83.00     0.00    35.00     0.00   100.00   100.00   100.00P    0.00     0.00  
Bristol_City       46   82  +21      82.00     0.00    21.00     0.00     0.00   100.00    50.00P    0.00     0.00  
Brighton           46   77  +21      77.00     0.00    21.00     0.00     0.00   100.00    50.00P    0.00     0.00  
Swindon            46   73  +18      73.00     0.00    18.00     0.00     0.00   100.00     0.00     0.00     0.00  
Hartlepool         46   73  +15      73.00     0.00    15.00     0.00     0.00   100.00     0.00     0.00     0.00  
Port_Vale          46   73  +10      73.00     0.00    10.00     0.00     0.00     0.00     0.00     0.00     0.00  
Tranmere           46   67   +3      67.00     0.00     3.00     0.00     0.00     0.00     0.00     0.00     0.00  
Bournemouth        46   66   +5      66.00     0.00     5.00     0.00     0.00     0.00     0.00     0.00     0.00  
Luton              46   66   +3      66.00     0.00     3.00     0.00     0.00     0.00     0.00     0.00     0.00  
Colchester         46   64   -4      64.00     0.00    -4.00     0.00     0.00     0.00     0.00     0.00     0.00  
Barnsley           46   62   -4      62.00     0.00    -4.00     0.00     0.00     0.00     0.00     0.00     0.00  
Wrexham            46   60  -10      60.00     0.00   -10.00     0.00     0.00     0.00     0.00     0.00     0.00  
Blackpool          46   59   -7      59.00     0.00    -7.00     0.00     0.00     0.00     0.00     0.00     0.00  
Oldham             46   57   +6      57.00     0.00     6.00     0.00     0.00     0.00     0.00     0.00     0.00  
Sheff_Wed          46   53  -16      53.00     0.00   -16.00     0.00     0.00     0.00     0.00     0.00     0.00  
Brentford          46   53  -17      53.00     0.00   -17.00     0.00     0.00     0.00     0.00     0.00     0.00  
Peterborough       46   52   +0      52.00     0.00     0.00     0.00     0.00     0.00     0.00     0.00     0.00  
Stockport          46   52   -8      52.00     0.00    -8.00     0.00     0.00     0.00     0.00     0.00     0.00  
Chesterfield       46   51  -22      51.00     0.00   -22.00     0.00     0.00     0.00     0.00     0.00     0.00  
Grimsby            46   50  -26      50.00     0.00   -26.00     0.00     0.00     0.00     0.00   100.00R    0.00  
Rushden_&_D'mnds   46   48  -14      48.00     0.00   -14.00     0.00     0.00     0.00     0.00   100.00R    0.00  
Notts_County       46   42  -28      42.00     0.00   -28.00     0.00     0.00     0.00     0.00   100.00R    0.00  
Wycombe            46   37  -25      37.00     0.00   -25.00     0.00     0.00     0.00     0.00   100.00R  100.00  
