ASOF         2013-02-23T07:14:54+0000
UPDATED      2013-02-23T07:14:54+0000
LASTPLAYED   2003-05-03 Bury Wrexham 0 3
ITERATIONS   2
BEGINTABLE
                  -- Current --     ------- Expected -------     --------------- Percentage chance ---------------
Team              Pld  Pts   GD     Points  sd(pts)       GD     Top1     Top3     Top7  3+[4-7]     Bot2     Bot1
Rushden_&_D'mnds   46   87  +26      87.00     0.00    26.00   100.00   100.00   100.00   100.00P    0.00     0.00  
Hartlepool         46   85  +20      85.00     0.00    20.00     0.00   100.00   100.00   100.00P    0.00     0.00  
Wrexham            46   84  +34      84.00     0.00    34.00     0.00   100.00   100.00   100.00P    0.00     0.00  
Bournemouth        46   74  +12      74.00     0.00    12.00     0.00     0.00   100.00    50.00P    0.00     0.00  
Scunthorpe         46   72  +19      72.00     0.00    19.00     0.00     0.00   100.00    50.00P    0.00     0.00  
Lincoln_City       46   70   +9      70.00     0.00     9.00     0.00     0.00   100.00     0.00     0.00     0.00  
Bury               46   70   +1      70.00     0.00     1.00     0.00     0.00   100.00     0.00     0.00     0.00  
Oxford_Utd         46   69  +10      69.00     0.00    10.00     0.00     0.00     0.00     0.00     0.00     0.00  
Torquay            46   66   +0      66.00     0.00     0.00     0.00     0.00     0.00     0.00     0.00     0.00  
York               46   66   -1      66.00     0.00    -1.00     0.00     0.00     0.00     0.00     0.00     0.00  
Kidderminster      46   63   -1      63.00     0.00    -1.00     0.00     0.00     0.00     0.00     0.00     0.00  
Cambridge_Utd      46   61   -3      61.00     0.00    -3.00     0.00     0.00     0.00     0.00     0.00     0.00  
Hull               46   59   +5      59.00     0.00     5.00     0.00     0.00     0.00     0.00     0.00     0.00  
Boston             46   58   -1      58.00     0.00    -1.00     0.00     0.00     0.00     0.00     0.00     0.00  
Darlington         46   54   -1      54.00     0.00    -1.00     0.00     0.00     0.00     0.00     0.00     0.00  
Macclesfield       46   54   -6      54.00     0.00    -6.00     0.00     0.00     0.00     0.00     0.00     0.00  
Southend           46   54  -12      54.00     0.00   -12.00     0.00     0.00     0.00     0.00     0.00     0.00  
Leyton_Orient      46   53  -10      53.00     0.00   -10.00     0.00     0.00     0.00     0.00     0.00     0.00  
Rochdale           46   52   -7      52.00     0.00    -7.00     0.00     0.00     0.00     0.00     0.00     0.00  
Bristol_Rovers     46   51   -7      51.00     0.00    -7.00     0.00     0.00     0.00     0.00     0.00     0.00  
Swansea            46   49  -17      49.00     0.00   -17.00     0.00     0.00     0.00     0.00     0.00     0.00  
Carlisle           46   49  -26      49.00     0.00   -26.00     0.00     0.00     0.00     0.00     0.00     0.00  
Exeter             46   48  -14      48.00     0.00   -14.00     0.00     0.00     0.00     0.00   100.00R    0.00  
Shrewsbury         46   41  -30      41.00     0.00   -30.00     0.00     0.00     0.00     0.00   100.00R  100.00  
