ASOF         2013-02-23T07:14:54+0000
UPDATED      2013-02-23T07:14:54+0000
LASTPLAYED   1999-05-08 Brighton Rochdale 1 1
ITERATIONS   2
BEGINTABLE
               -- Current --     ------- Expected -------     --------------- Percentage chance ---------------
Team           Pld  Pts   GD     Points  sd(pts)       GD     Top1     Top3     Top7  3+[4-7]     Bot2     Bot1
Brentford       46   85  +23      85.00     0.00    23.00   100.00   100.00   100.00   100.00P    0.00     0.00  
Cambridge_Utd   46   81  +30      81.00     0.00    30.00     0.00   100.00   100.00   100.00P    0.00     0.00  
Cardiff         46   80  +21      80.00     0.00    21.00     0.00   100.00   100.00   100.00P    0.00     0.00  
Scunthorpe      46   74  +11      74.00     0.00    11.00     0.00     0.00   100.00    50.00P    0.00     0.00  
Rotherham       46   73  +18      73.00     0.00    18.00     0.00     0.00   100.00     0.00     0.00     0.00  
Leyton_Orient   46   72   +9      72.00     0.00     9.00     0.00     0.00   100.00     0.00     0.00     0.00  
Swansea         46   71   +8      71.00     0.00     8.00     0.00     0.00   100.00    50.00P    0.00     0.00  
Peterborough    46   66  +16      66.00     0.00    16.00     0.00     0.00     0.00     0.00     0.00     0.00  
Halifax         46   66   +2      66.00     0.00     2.00     0.00     0.00     0.00     0.00     0.00     0.00  
Darlington      46   65  +11      65.00     0.00    11.00     0.00     0.00     0.00     0.00     0.00     0.00  
Mansfield       46   64   +0      64.00     0.00     0.00     0.00     0.00     0.00     0.00     0.00     0.00  
Exeter          46   63   -3      63.00     0.00    -3.00     0.00     0.00     0.00     0.00     0.00     0.00  
Plymouth        46   61   +4      61.00     0.00     4.00     0.00     0.00     0.00     0.00     0.00     0.00  
Southend        46   57   -4      57.00     0.00    -4.00     0.00     0.00     0.00     0.00     0.00     0.00  
Chester         46   57   -9      57.00     0.00    -9.00     0.00     0.00     0.00     0.00     0.00     0.00  
Shrewsbury      46   56  -11      56.00     0.00   -11.00     0.00     0.00     0.00     0.00     0.00     0.00  
Barnet          46   55  -17      55.00     0.00   -17.00     0.00     0.00     0.00     0.00     0.00     0.00  
Brighton        46   55  -17      55.00     0.00   -17.00     0.00     0.00     0.00     0.00     0.00     0.00  
Rochdale        46   54  -13      54.00     0.00   -13.00     0.00     0.00     0.00     0.00     0.00     0.00  
Torquay         46   53  -11      53.00     0.00   -11.00     0.00     0.00     0.00     0.00     0.00     0.00  
Hull            46   53  -18      53.00     0.00   -18.00     0.00     0.00     0.00     0.00     0.00     0.00  
Hartlepool      46   51  -13      51.00     0.00   -13.00     0.00     0.00     0.00     0.00     0.00     0.00  
Carlisle        46   49  -10      49.00     0.00   -10.00     0.00     0.00     0.00     0.00   100.00R    0.00  
Scarborough     46   48  -27      48.00     0.00   -27.00     0.00     0.00     0.00     0.00   100.00R  100.00  
