ASOF         2013-02-23T07:14:55+0000
UPDATED      2013-02-23T07:14:55+0000
LASTPLAYED   2005-05-08 Brighton Ipswich 1 1
ITERATIONS   2
BEGINTABLE
               -- Current --     ------- Expected -------     --------------- Percentage chance ---------------
Team           Pld  Pts   GD     Points  sd(pts)       GD     Top1     Top2     Top6  2+[3-6]     Bot3     Bot1
Sunderland      46   94  +35      94.00     0.00    35.00   100.00   100.00   100.00   100.00P    0.00     0.00  
Wigan           46   87  +44      87.00     0.00    44.00     0.00   100.00   100.00   100.00P    0.00     0.00  
Ipswich         46   85  +29      85.00     0.00    29.00     0.00     0.00   100.00     0.00     0.00     0.00  
Derby           46   76  +11      76.00     0.00    11.00     0.00     0.00   100.00     0.00     0.00     0.00  
Preston         46   75   +9      75.00     0.00     9.00     0.00     0.00   100.00    50.00P    0.00     0.00  
West_Ham        46   73  +10      73.00     0.00    10.00     0.00     0.00   100.00    50.00P    0.00     0.00  
Reading         46   70   +7      70.00     0.00     7.00     0.00     0.00     0.00     0.00     0.00     0.00  
Sheff_Utd       46   67   +1      67.00     0.00     1.00     0.00     0.00     0.00     0.00     0.00     0.00  
Wolverhampton   46   66  +13      66.00     0.00    13.00     0.00     0.00     0.00     0.00     0.00     0.00  
Millwall        46   66   +6      66.00     0.00     6.00     0.00     0.00     0.00     0.00     0.00     0.00  
QPR             46   62   -4      62.00     0.00    -4.00     0.00     0.00     0.00     0.00     0.00     0.00  
Stoke           46   61   -2      61.00     0.00    -2.00     0.00     0.00     0.00     0.00     0.00     0.00  
Burnley         46   60   -1      60.00     0.00    -1.00     0.00     0.00     0.00     0.00     0.00     0.00  
Leeds_United    46   60   -3      60.00     0.00    -3.00     0.00     0.00     0.00     0.00     0.00     0.00  
Leicester       46   57   +3      57.00     0.00     3.00     0.00     0.00     0.00     0.00     0.00     0.00  
Cardiff         46   54   -3      54.00     0.00    -3.00     0.00     0.00     0.00     0.00     0.00     0.00  
Plymouth        46   53  -12      53.00     0.00   -12.00     0.00     0.00     0.00     0.00     0.00     0.00  
Watford         46   52   -7      52.00     0.00    -7.00     0.00     0.00     0.00     0.00     0.00     0.00  
Coventry        46   52  -12      52.00     0.00   -12.00     0.00     0.00     0.00     0.00     0.00     0.00  
Brighton        46   51  -25      51.00     0.00   -25.00     0.00     0.00     0.00     0.00     0.00     0.00  
Crewe           46   50  -20      50.00     0.00   -20.00     0.00     0.00     0.00     0.00     0.00     0.00  
Gillingham      46   50  -21      50.00     0.00   -21.00     0.00     0.00     0.00     0.00   100.00R    0.00  
Nott'm_Forest   46   44  -24      44.00     0.00   -24.00     0.00     0.00     0.00     0.00   100.00R    0.00  
Rotherham       46   29  -34      29.00     0.00   -34.00     0.00     0.00     0.00     0.00   100.00R  100.00  
