ASOF         2013-02-23T07:14:56+0000
UPDATED      2013-02-23T07:14:56+0000
LASTPLAYED   2010-05-08 Brentford Hartlepool 0 0
ITERATIONS   2
BEGINTABLE
                -- Current --     ------- Expected -------     --------------- Percentage chance ---------------
Team            Pld  Pts   GD     Points  sd(pts)       GD     Top1     Top2     Top6  2+[3-6]     Bot4     Bot1
Norwich          46   95  +42      95.00     0.00    42.00   100.00   100.00   100.00   100.00P    0.00     0.00  
Leeds_United     46   86  +33      86.00     0.00    33.00     0.00   100.00   100.00   100.00P    0.00     0.00  
Millwall         46   85  +32      85.00     0.00    32.00     0.00     0.00   100.00   100.00P    0.00     0.00  
Charlton         46   84  +23      84.00     0.00    23.00     0.00     0.00   100.00     0.00     0.00     0.00  
Swindon          46   82  +16      82.00     0.00    16.00     0.00     0.00   100.00     0.00     0.00     0.00  
Huddersfield     46   80  +26      80.00     0.00    26.00     0.00     0.00   100.00     0.00     0.00     0.00  
Southampton      46   73  +38      73.00     0.00    38.00     0.00     0.00     0.00     0.00     0.00     0.00  
Colchester       46   72  +12      72.00     0.00    12.00     0.00     0.00     0.00     0.00     0.00     0.00  
Brentford        46   62   +3      62.00     0.00     3.00     0.00     0.00     0.00     0.00     0.00     0.00  
Walsall          46   62   -3      62.00     0.00    -3.00     0.00     0.00     0.00     0.00     0.00     0.00  
Bristol_Rovers   46   62  -11      62.00     0.00   -11.00     0.00     0.00     0.00     0.00     0.00     0.00  
MK_Dons          46   60   -8      60.00     0.00    -8.00     0.00     0.00     0.00     0.00     0.00     0.00  
Brighton         46   59   -4      59.00     0.00    -4.00     0.00     0.00     0.00     0.00     0.00     0.00  
Carlisle         46   58   -3      58.00     0.00    -3.00     0.00     0.00     0.00     0.00     0.00     0.00  
Yeovil           46   53   -4      53.00     0.00    -4.00     0.00     0.00     0.00     0.00     0.00     0.00  
Hartlepool       46   53   -8      53.00     0.00    -8.00     0.00     0.00     0.00     0.00     0.00     0.00  
Oldham           46   52  -18      52.00     0.00   -18.00     0.00     0.00     0.00     0.00     0.00     0.00  
Leyton_Orient    46   51  -10      51.00     0.00   -10.00     0.00     0.00     0.00     0.00     0.00     0.00  
Exeter           46   51  -12      51.00     0.00   -12.00     0.00     0.00     0.00     0.00     0.00     0.00  
Tranmere         46   51  -27      51.00     0.00   -27.00     0.00     0.00     0.00     0.00     0.00     0.00  
Gillingham       46   50  -16      50.00     0.00   -16.00     0.00     0.00     0.00     0.00   100.00R    0.00  
Wycombe          46   45  -20      45.00     0.00   -20.00     0.00     0.00     0.00     0.00   100.00R    0.00  
Southend         46   43  -21      43.00     0.00   -21.00     0.00     0.00     0.00     0.00   100.00R    0.00  
Stockport        46   25  -60      25.00     0.00   -60.00     0.00     0.00     0.00     0.00   100.00R  100.00  

Adjustments:
Southampton      -10
