ASOF         2013-02-23T07:14:55+0000
UPDATED      2013-02-23T07:14:55+0000
LASTPLAYED   2005-05-15 Birmingham Arsenal 2 1
ITERATIONS   2
BEGINTABLE
                -- Current --     ------- Expected -------     ------------------- Percentage chance --------------------
Team            Pld  Pts   GD     Points  sd(pts)       GD     Top1     Top2     Top3     Top4     Top6     Bot3     Bot1
Chelsea          38   95  +57      95.00     0.00    57.00   100.00   100.00   100.00   100.00   100.00     0.00     0.00  
Arsenal          38   83  +51      83.00     0.00    51.00     0.00   100.00   100.00   100.00   100.00     0.00     0.00  
Man_Utd          38   77  +32      77.00     0.00    32.00     0.00     0.00   100.00   100.00   100.00     0.00     0.00  
Everton          38   61   -1      61.00     0.00    -1.00     0.00     0.00     0.00   100.00   100.00     0.00     0.00  
Liverpool        38   58  +11      58.00     0.00    11.00     0.00     0.00     0.00     0.00   100.00     0.00     0.00  
Bolton           38   58   +5      58.00     0.00     5.00     0.00     0.00     0.00     0.00   100.00     0.00     0.00  
Middlesbrough    38   55   +7      55.00     0.00     7.00     0.00     0.00     0.00     0.00     0.00     0.00     0.00  
Man_City         38   52   +8      52.00     0.00     8.00     0.00     0.00     0.00     0.00     0.00     0.00     0.00  
Tottenham        38   52   +6      52.00     0.00     6.00     0.00     0.00     0.00     0.00     0.00     0.00     0.00  
Aston_Villa      38   47   -7      47.00     0.00    -7.00     0.00     0.00     0.00     0.00     0.00     0.00     0.00  
Charlton         38   46  -16      46.00     0.00   -16.00     0.00     0.00     0.00     0.00     0.00     0.00     0.00  
Birmingham       38   45   -6      45.00     0.00    -6.00     0.00     0.00     0.00     0.00     0.00     0.00     0.00  
Fulham           38   44   -8      44.00     0.00    -8.00     0.00     0.00     0.00     0.00     0.00     0.00     0.00  
Newcastle        38   44  -10      44.00     0.00   -10.00     0.00     0.00     0.00     0.00     0.00     0.00     0.00  
Blackburn        38   42  -11      42.00     0.00   -11.00     0.00     0.00     0.00     0.00     0.00     0.00     0.00  
Portsmouth       38   39  -16      39.00     0.00   -16.00     0.00     0.00     0.00     0.00     0.00     0.00     0.00  
West_Brom        38   34  -25      34.00     0.00   -25.00     0.00     0.00     0.00     0.00     0.00     0.00     0.00  
Crystal_Palace   38   33  -21      33.00     0.00   -21.00     0.00     0.00     0.00     0.00     0.00   100.00R    0.00  
Norwich          38   33  -35      33.00     0.00   -35.00     0.00     0.00     0.00     0.00     0.00   100.00R    0.00  
Southampton      38   32  -21      32.00     0.00   -21.00     0.00     0.00     0.00     0.00     0.00   100.00R  100.00  
