ASOF         2013-02-23T07:14:53+0000
UPDATED      2013-02-23T07:14:53+0000
LASTPLAYED   1994-05-08 Man_Utd Coventry 0 0
ITERATIONS   2
BEGINTABLE
               -- Current --     ------- Expected -------     ------------------- Percentage chance --------------------
Team           Pld  Pts   GD     Points  sd(pts)       GD     Top1     Top2     Top3     Top4     Top6     Bot3     Bot1
Man_Utd         42   92  +42      92.00     0.00    42.00   100.00   100.00   100.00   100.00   100.00     0.00     0.00  
Blackburn       42   84  +27      84.00     0.00    27.00     0.00   100.00   100.00   100.00   100.00     0.00     0.00  
Newcastle       42   77  +41      77.00     0.00    41.00     0.00     0.00   100.00   100.00   100.00     0.00     0.00  
Arsenal         42   71  +25      71.00     0.00    25.00     0.00     0.00     0.00   100.00   100.00     0.00     0.00  
Leeds_United    42   70  +26      70.00     0.00    26.00     0.00     0.00     0.00     0.00   100.00     0.00     0.00  
AFC_Wimbledon   42   65   +3      65.00     0.00     3.00     0.00     0.00     0.00     0.00   100.00     0.00     0.00  
Sheff_Wed       42   64  +22      64.00     0.00    22.00     0.00     0.00     0.00     0.00     0.00     0.00     0.00  
Liverpool       42   60   +4      60.00     0.00     4.00     0.00     0.00     0.00     0.00     0.00     0.00     0.00  
QPR             42   60   +1      60.00     0.00     1.00     0.00     0.00     0.00     0.00     0.00     0.00     0.00  
Aston_Villa     42   57   -4      57.00     0.00    -4.00     0.00     0.00     0.00     0.00     0.00     0.00     0.00  
Coventry        42   56   -2      56.00     0.00    -2.00     0.00     0.00     0.00     0.00     0.00     0.00     0.00  
Norwich         42   53   +4      53.00     0.00     4.00     0.00     0.00     0.00     0.00     0.00     0.00     0.00  
West_Ham        42   52  -10      52.00     0.00   -10.00     0.00     0.00     0.00     0.00     0.00     0.00     0.00  
Chelsea         42   51   -4      51.00     0.00    -4.00     0.00     0.00     0.00     0.00     0.00     0.00     0.00  
Tottenham       42   45   -6      45.00     0.00    -6.00     0.00     0.00     0.00     0.00     0.00     0.00     0.00  
Man_City        42   45  -11      45.00     0.00   -11.00     0.00     0.00     0.00     0.00     0.00     0.00     0.00  
Everton         42   44  -21      44.00     0.00   -21.00     0.00     0.00     0.00     0.00     0.00     0.00     0.00  
Southampton     42   43  -17      43.00     0.00   -17.00     0.00     0.00     0.00     0.00     0.00     0.00     0.00  
Ipswich         42   43  -23      43.00     0.00   -23.00     0.00     0.00     0.00     0.00     0.00     0.00     0.00  
Sheff_Utd       42   42  -18      42.00     0.00   -18.00     0.00     0.00     0.00     0.00     0.00   100.00R    0.00  
Oldham          42   40  -26      40.00     0.00   -26.00     0.00     0.00     0.00     0.00     0.00   100.00R    0.00  
Swindon         42   30  -53      30.00     0.00   -53.00     0.00     0.00     0.00     0.00     0.00   100.00R  100.00  
