ASOF         2014-05-27T11:06:27+0000
UPDATED      2014-05-27T11:06:27+0000
LASTPLAYED   2014-05-03 Accrington_Stanley AFC_Wimbledon 3 2
ITERATIONS   20000
BEGINTABLE
                    -- Current --     --------- Luck ---------   ------- Expected -------     --------------- Percentage chance ---------------
Team                Pld  Pts   GD     Points   %(pts)       GD   Points  sd(pts)       GD     Top1     Top3     Top7  3+[4-7]     Bot2     Bot1
Chesterfield         46   84  +31       3.94    64.51     6.81    84.00     0.00    31.00   100.00   100.00   100.00   100.00P    0.00     0.00  
Scunthorpe           46   81  +24       1.84    56.70     0.72    81.00     0.00    24.00     0.00   100.00   100.00   100.00P    0.00     0.00  
Rochdale             46   81  +21       7.84    77.39     6.19    81.00     0.00    21.00     0.00   100.00   100.00   100.00P    0.00     0.00  
Fleetwood_Town       46   76  +14       8.74    79.91     7.68    76.00     0.00    14.00     0.00     0.00   100.00    25.64P    0.00     0.00  
Southend             46   72  +17      -1.09    45.98     2.52    72.00     0.00    17.00     0.00     0.00   100.00    34.04P    0.00     0.00  
Burton_Albion        46   72   +5       8.52    79.52     3.58    72.00     0.00     5.00     0.00     0.00   100.00    19.42P    0.00     0.00  
York                 46   71  +11       8.13    78.80    10.08    71.00     0.00    11.00     0.00     0.00   100.00    20.90P    0.00     0.00  
Oxford_Utd           46   62   +3      -2.07    42.76     0.81    62.00     0.00     3.00     0.00     0.00     0.00     0.00     0.00     0.00  
Dag_&_Red            46   60   -6       1.77    57.61     0.32    60.00     0.00    -6.00     0.00     0.00     0.00     0.00     0.00     0.00  
Plymouth             46   60   -7       2.14    58.69    -0.63    60.00     0.00    -7.00     0.00     0.00     0.00     0.00     0.00     0.00  
Mansfield            46   60   -9       5.77    71.24     3.19    60.00     0.00    -9.00     0.00     0.00     0.00     0.00     0.00     0.00  
Bury                 46   59   +8     -10.56    16.29    -1.59    59.00     0.00     8.00     0.00     0.00     0.00     0.00     0.00     0.00  
Portsmouth           46   59  -10      -6.77    26.59   -14.02    59.00     0.00   -10.00     0.00     0.00     0.00     0.00     0.00     0.00  
Newport_County       46   58   -3       4.62    67.75    10.92    58.00     0.00    -3.00     0.00     0.00     0.00     0.00     0.00     0.00  
Accrington_Stanley   46   57   -2      -1.93    43.05     3.34    57.00     0.00    -2.00     0.00     0.00     0.00     0.00     0.00     0.00  
AFC_Wimbledon        46   56   -8       1.55    56.87     3.86    56.00     0.00    -8.00     0.00     0.00     0.00     0.00     0.00     0.00  
Exeter               46   55   -3      -8.31    21.30    -3.78    55.00     0.00    -3.00     0.00     0.00     0.00     0.00     0.00     0.00  
Cheltenham           46   55  -10      -5.43    30.33    -6.71    55.00     0.00   -10.00     0.00     0.00     0.00     0.00     0.00     0.00  
Morecambe            46   54  -12      -2.81    39.67    -3.51    54.00     0.00   -12.00     0.00     0.00     0.00     0.00     0.00     0.00  
Hartlepool           46   53   -6      -9.81    17.87    -6.49    53.00     0.00    -6.00     0.00     0.00     0.00     0.00     0.00     0.00  
Northampton          46   53  -15      -3.69    36.14    -6.97    53.00     0.00   -15.00     0.00     0.00     0.00     0.00     0.00     0.00  
Wycombe              46   50   -8      -8.72    20.12    -2.85    50.00     0.00    -8.00     0.00     0.00     0.00     0.00     0.00     0.00  
Bristol_Rovers       46   50  -11      -6.50    26.03    -2.53    50.00     0.00   -11.00     0.00     0.00     0.00     0.00   100.00R    0.00  
Torquay              46   45  -24      -8.35    20.39   -10.95    45.00     0.00   -24.00     0.00     0.00     0.00     0.00   100.00R  100.00  
