ASOF         2015-06-25T21:00:01+0000
UPDATED      2015-06-25T21:00:01+0000
LASTPLAYED   2015-04-25 AFC_Telford Wrexham 1 2
ITERATIONS   50000
BEGINTABLE
                -- Current --     --------- Luck ---------   ------- Expected -------     ---------- Percentage chance -----------
Team            Pld  Pts   GD     Points   %(pts)       GD   Points  sd(pts)       GD     Top1     Top5  1+[2-5]     Bot3     Bot1
Barnet           46   92  +48       6.46    73.79    13.10    92.00     0.00    48.00   100.00   100.00   100.00P    0.00     0.00  
Bristol_Rovers   46   91  +39       2.47    59.13     1.32    91.00     0.00    39.00     0.00   100.00    39.25P    0.00     0.00  
Grimsby          46   86  +34       4.26    65.96     6.40    86.00     0.00    34.00     0.00   100.00    30.78P    0.00     0.00  
Eastleigh        46   82  +26       9.84    81.98    11.99    82.00     0.00    26.00     0.00   100.00    13.97P    0.00     0.00  
Forest_Green     46   82  +26       5.72    70.73     5.68    82.00     0.00    26.00     0.00   100.00    16.00P    0.00     0.00  
Macclesfield     46   78  +14       9.55    82.60     5.84    78.00     0.00    14.00     0.00     0.00     0.00     0.00     0.00  
Woking           46   76  +25       4.53    66.78    12.37    76.00     0.00    25.00     0.00     0.00     0.00     0.00     0.00  
Dover_Athletic   46   68  +11       3.39    62.43     8.89    68.00     0.00    11.00     0.00     0.00     0.00     0.00     0.00  
Halifax          46   66   +6      -2.39    41.02    -1.98    66.00     0.00     6.00     0.00     0.00     0.00     0.00     0.00  
Gateshead        46   66   +4      -1.46    44.27    -2.57    66.00     0.00     4.00     0.00     0.00     0.00     0.00     0.00  
Wrexham          46   66   +4      -1.36    44.97    -2.62    66.00     0.00     4.00     0.00     0.00     0.00     0.00     0.00  
Chester          46   63  -12      10.31    84.74     5.21    63.00     0.00   -12.00     0.00     0.00     0.00     0.00     0.00  
Torquay          46   61   +4     -10.92    14.89    -9.36    61.00     0.00     4.00     0.00     0.00     0.00     0.00     0.00  
Braintree_Town   46   59   -1      -4.95    31.75    -2.71    59.00     0.00    -1.00     0.00     0.00     0.00     0.00     0.00  
Lincoln_City     46   58   -9      -0.77    47.51    -1.88    58.00     0.00    -9.00     0.00     0.00     0.00     0.00     0.00  
Kidderminster    46   57   -9      -5.74    29.13    -8.75    57.00     0.00    -9.00     0.00     0.00     0.00     0.00     0.00  
Altrincham       46   56  -19       6.23    73.40     2.11    56.00     0.00   -19.00     0.00     0.00     0.00     0.00     0.00  
Aldershot        46   53  -10      -9.78    17.06    -9.69    53.00     0.00   -10.00     0.00     0.00     0.00     0.00     0.00  
Southport        46   51  -25       1.87    58.37    -3.10    51.00     0.00   -25.00     0.00     0.00     0.00     0.00     0.00  
Welling          46   45  -21      -7.44    22.86    -4.41    45.00     0.00   -21.00     0.00     0.00     0.00     0.00     0.00  
Alfreton_Town    46   45  -41      -0.78    48.13   -11.17    45.00     0.00   -41.00     0.00     0.00     0.00     0.00     0.00  
AFC_Telford      46   39  -26      -8.19    21.06     1.04    39.00     0.00   -26.00     0.00     0.00     0.00   100.00R    0.00  
Dartford         46   39  -30      -7.50    22.08    -4.45    39.00     0.00   -30.00     0.00     0.00     0.00   100.00R    0.00  
Nuneaton         46   39  -38      -6.16    26.21   -11.26    39.00     0.00   -38.00     0.00     0.00     0.00   100.00R  100.00  
