ASOF         2013-02-23T07:14:53+0000
UPDATED      2013-02-23T07:14:53+0000
LASTPLAYED   1994-05-07 Blackpool Leyton_Orient 4 1
ITERATIONS   2
BEGINTABLE
                -- Current --     ------- Expected -------     --------------- Percentage chance ---------------
Team            Pld  Pts   GD     Points  sd(pts)       GD     Top1     Top2     Top6  2+[3-6]     Bot4     Bot1
Reading          46   89  +37      89.00     0.00    37.00   100.00   100.00   100.00   100.00P    0.00     0.00  
Port_Vale        46   88  +33      88.00     0.00    33.00     0.00   100.00   100.00   100.00P    0.00     0.00  
Plymouth         46   85  +32      85.00     0.00    32.00     0.00     0.00   100.00    50.00P    0.00     0.00  
Stockport        46   85  +30      85.00     0.00    30.00     0.00     0.00   100.00     0.00     0.00     0.00  
York             46   75  +24      75.00     0.00    24.00     0.00     0.00   100.00    50.00P    0.00     0.00  
Burnley          46   73  +21      73.00     0.00    21.00     0.00     0.00   100.00     0.00     0.00     0.00  
Bradford         46   70   +8      70.00     0.00     8.00     0.00     0.00     0.00     0.00     0.00     0.00  
Hull             46   68   +8      68.00     0.00     8.00     0.00     0.00     0.00     0.00     0.00     0.00  
Bristol_Rovers   46   67   -5      67.00     0.00    -5.00     0.00     0.00     0.00     0.00     0.00     0.00  
Cambridge_Utd    46   66   +6      66.00     0.00     6.00     0.00     0.00     0.00     0.00     0.00     0.00  
Huddersfield     46   65   -3      65.00     0.00    -3.00     0.00     0.00     0.00     0.00     0.00     0.00  
Wrexham          46   62  -11      62.00     0.00   -11.00     0.00     0.00     0.00     0.00     0.00     0.00  
Swansea          46   60   -2      60.00     0.00    -2.00     0.00     0.00     0.00     0.00     0.00     0.00  
Brighton         46   59   -7      59.00     0.00    -7.00     0.00     0.00     0.00     0.00     0.00     0.00  
Rotherham        46   58   +3      58.00     0.00     3.00     0.00     0.00     0.00     0.00     0.00     0.00  
Brentford        46   58   +2      58.00     0.00     2.00     0.00     0.00     0.00     0.00     0.00     0.00  
Bournemouth      46   57   -8      57.00     0.00    -8.00     0.00     0.00     0.00     0.00     0.00     0.00  
Leyton_Orient    46   56  -14      56.00     0.00   -14.00     0.00     0.00     0.00     0.00     0.00     0.00  
Cardiff          46   54  -13      54.00     0.00   -13.00     0.00     0.00     0.00     0.00     0.00     0.00  
Blackpool        46   53  -12      53.00     0.00   -12.00     0.00     0.00     0.00     0.00     0.00     0.00  
Fulham           46   52  -13      52.00     0.00   -13.00     0.00     0.00     0.00     0.00   100.00R    0.00  
Exeter           46   45  -31      45.00     0.00   -31.00     0.00     0.00     0.00     0.00   100.00R    0.00  
Hartlepool       46   36  -46      36.00     0.00   -46.00     0.00     0.00     0.00     0.00   100.00R    0.00  
Barnet           46   31  -39      31.00     0.00   -39.00     0.00     0.00     0.00     0.00   100.00R  100.00  
