ASOF         2013-02-23T07:14:56+0000
UPDATED      2013-02-23T07:14:56+0000
LASTPLAYED   2006-08-05 Southend Stoke 1 0
ITERATIONS   2
BEGINTABLE
                -- Current --     ------- Expected -------     --------------- Percentage chance ---------------
Team            Pld  Pts   GD     Points  sd(pts)       GD     Top1     Top2     Top6  2+[3-6]     Bot3     Bot1
Sunderland       46   88  +29      88.00     0.00    29.00   100.00   100.00   100.00   100.00P    0.00     0.00  
Birmingham       46   86  +25      86.00     0.00    25.00     0.00   100.00   100.00   100.00P    0.00     0.00  
Derby            46   84  +16      84.00     0.00    16.00     0.00     0.00   100.00    50.00P    0.00     0.00  
West_Brom        46   76  +26      76.00     0.00    26.00     0.00     0.00   100.00    50.00P    0.00     0.00  
Wolverhampton    46   76   +3      76.00     0.00     3.00     0.00     0.00   100.00     0.00     0.00     0.00  
Southampton      46   75  +24      75.00     0.00    24.00     0.00     0.00   100.00     0.00     0.00     0.00  
Preston          46   74  +11      74.00     0.00    11.00     0.00     0.00     0.00     0.00     0.00     0.00  
Stoke            46   73  +21      73.00     0.00    21.00     0.00     0.00     0.00     0.00     0.00     0.00  
Sheff_Wed        46   71   +4      71.00     0.00     4.00     0.00     0.00     0.00     0.00     0.00     0.00  
Colchester       46   69  +14      69.00     0.00    14.00     0.00     0.00     0.00     0.00     0.00     0.00  
Plymouth         46   67   +1      67.00     0.00     1.00     0.00     0.00     0.00     0.00     0.00     0.00  
Crystal_Palace   46   65   +8      65.00     0.00     8.00     0.00     0.00     0.00     0.00     0.00     0.00  
Cardiff          46   64   +4      64.00     0.00     4.00     0.00     0.00     0.00     0.00     0.00     0.00  
Ipswich          46   62   +5      62.00     0.00     5.00     0.00     0.00     0.00     0.00     0.00     0.00  
Burnley          46   57   +3      57.00     0.00     3.00     0.00     0.00     0.00     0.00     0.00     0.00  
Norwich          46   57  -15      57.00     0.00   -15.00     0.00     0.00     0.00     0.00     0.00     0.00  
Coventry         46   56  -15      56.00     0.00   -15.00     0.00     0.00     0.00     0.00     0.00     0.00  
QPR              46   53  -14      53.00     0.00   -14.00     0.00     0.00     0.00     0.00     0.00     0.00  
Leicester        46   53  -15      53.00     0.00   -15.00     0.00     0.00     0.00     0.00     0.00     0.00  
Barnsley         46   50  -32      50.00     0.00   -32.00     0.00     0.00     0.00     0.00     0.00     0.00  
Hull             46   49  -16      49.00     0.00   -16.00     0.00     0.00     0.00     0.00     0.00     0.00  
Southend         46   42  -33      42.00     0.00   -33.00     0.00     0.00     0.00     0.00   100.00R    0.00  
Luton            46   40  -28      40.00     0.00   -28.00     0.00     0.00     0.00     0.00   100.00R    0.00  
Leeds_United     46   36  -26      36.00     0.00   -26.00     0.00     0.00     0.00     0.00   100.00R  100.00  

Adjustments:
Leeds_United     -10
