ASOF         2013-02-23T07:14:54+0000
UPDATED      2013-02-23T07:14:54+0000
LASTPLAYED   2003-04-26 Forest_Green Dag_&_Red 5 2
ITERATIONS   2
BEGINTABLE
               -- Current --     ------- Expected -------     ---------- Percentage chance -----------
Team           Pld  Pts   GD     Points  sd(pts)       GD     Top1     Top5  1+[2-5]     Bot3     Bot1
Yeovil          42   95  +63      95.00     0.00    63.00   100.00   100.00   100.00P    0.00     0.00  
Morecambe       42   78  +44      78.00     0.00    44.00     0.00   100.00     0.00     0.00     0.00  
Doncaster       42   78  +26      78.00     0.00    26.00     0.00   100.00    50.00P    0.00     0.00  
Chester         42   75  +28      75.00     0.00    28.00     0.00   100.00    50.00P    0.00     0.00  
Dag_&_Red       42   72  +12      72.00     0.00    12.00     0.00   100.00     0.00     0.00     0.00  
Hereford        42   64  +13      64.00     0.00    13.00     0.00     0.00     0.00     0.00     0.00  
Scarborough     42   64   +9      64.00     0.00     9.00     0.00     0.00     0.00     0.00     0.00  
Halifax         42   64   -1      64.00     0.00    -1.00     0.00     0.00     0.00     0.00     0.00  
Forest_Green    42   59   -1      59.00     0.00    -1.00     0.00     0.00     0.00     0.00     0.00  
Margate         42   56   -6      56.00     0.00    -6.00     0.00     0.00     0.00     0.00     0.00  
Barnet          42   53   -3      53.00     0.00    -3.00     0.00     0.00     0.00     0.00     0.00  
Stevenage       42   52   +6      52.00     0.00     6.00     0.00     0.00     0.00     0.00     0.00  
Farnborough     42   51   +1      51.00     0.00     1.00     0.00     0.00     0.00     0.00     0.00  
Northwich       42   51   -6      51.00     0.00    -6.00     0.00     0.00     0.00     0.00     0.00  
AFC_Telford     42   49  -15      49.00     0.00   -15.00     0.00     0.00     0.00     0.00     0.00  
Burton_Albion   42   49  -25      49.00     0.00   -25.00     0.00     0.00     0.00     0.00     0.00  
Gravesend       42   48  -11      48.00     0.00   -11.00     0.00     0.00     0.00     0.00     0.00  
Leigh           42   48  -27      48.00     0.00   -27.00     0.00     0.00     0.00     0.00     0.00  
Woking          42   47  -29      47.00     0.00   -29.00     0.00     0.00     0.00     0.00     0.00  
Nuneaton        42   46  -27      46.00     0.00   -27.00     0.00     0.00     0.00   100.00R    0.00  
Southport       42   45  -15      45.00     0.00   -15.00     0.00     0.00     0.00   100.00R    0.00  
Kettering       42   31  -36      31.00     0.00   -36.00     0.00     0.00     0.00   100.00R  100.00  
