ASOF         2014-05-27T11:06:27+0000
UPDATED      2014-05-27T11:06:27+0000
LASTPLAYED   2014-04-26 Aldershot Hereford 1 2
ITERATIONS   20000
BEGINTABLE
                -- Current --     --------- Luck ---------   ------- Expected -------     ---------- Percentage chance -----------
Team            Pld  Pts   GD     Points   %(pts)       GD   Points  sd(pts)       GD     Top1     Top5  1+[2-5]     Bot3     Bot1
Luton            46  101  +67       8.04    80.03    18.37   101.00     0.00    67.00   100.00   100.00   100.00P    0.00     0.00  
Cambridge_Utd    46   82  +37       3.92    65.50    14.28    82.00     0.00    37.00     0.00   100.00    32.06P    0.00     0.00  
Gateshead        46   79  +22       8.35    79.43    10.25    79.00     0.00    22.00     0.00   100.00    19.98P    0.00     0.00  
Grimsby          46   78  +19       1.65    56.55    -1.10    78.00     0.00    19.00     0.00   100.00    28.98P    0.00     0.00  
Halifax          46   77  +27       4.58    66.81    12.24    77.00     0.00    27.00     0.00   100.00    18.98P    0.00     0.00  
Braintree_Town   46   74  +18       6.78    74.76    11.35    74.00     0.00    18.00     0.00     0.00     0.00     0.00     0.00  
Kidderminster    46   72   +7      -0.99    45.83    -8.43    72.00     0.00     7.00     0.00     0.00     0.00     0.00     0.00  
Barnet           46   70   +5      -1.65    43.34    -8.25    70.00     0.00     5.00     0.00     0.00     0.00     0.00     0.00  
Alfreton_Town    46   70   -5      11.27    86.44     3.25    70.00     0.00    -5.00     0.00     0.00     0.00     0.00     0.00  
Woking           46   68   -3       8.71    80.50     3.91    68.00     0.00    -3.00     0.00     0.00     0.00     0.00     0.00  
Forest_Green     46   67  +14      -4.37    33.49     0.95    67.00     0.00    14.00     0.00     0.00     0.00     0.00     0.00  
Salisbury        46   67   -5      10.22    83.91     4.90    67.00     0.00    -5.00     0.00     0.00     0.00     0.00     0.00  
Nuneaton         46   66   -6       8.98    81.57     2.78    66.00     0.00    -6.00     0.00     0.00     0.00     0.00     0.00  
Lincoln_City     46   65   +1       3.01    62.23     2.72    65.00     0.00     1.00     0.00     0.00     0.00     0.00     0.00  
Macclesfield     46   61   -1      -2.48    40.88    -1.53    61.00     0.00    -1.00     0.00     0.00     0.00     0.00     0.00  
Welling          46   60   -2       2.24    58.87     6.19    60.00     0.00    -2.00     0.00     0.00     0.00     0.00     0.00  
Wrexham          46   59   +0     -11.83    12.51   -11.97    59.00     0.00     0.00     0.00     0.00     0.00     0.00     0.00  
Southport        46   53  -18      -0.57    47.96    -1.85    53.00     0.00   -18.00     0.00     0.00     0.00     0.00     0.00  
Aldershot        46   51   +7     -12.45    11.36    -9.19    51.00     0.00     7.00     0.00     0.00     0.00     0.00     0.00  
Hereford         46   51  -19      -8.12    21.07   -13.24    51.00     0.00   -19.00     0.00     0.00     0.00     0.00     0.00  
Chester          46   51  -21       1.80    57.91     0.78    51.00     0.00   -21.00     0.00     0.00     0.00     0.00     0.00  
Dartford         46   44  -25      -8.43    19.70    -7.91    44.00     0.00   -25.00     0.00     0.00     0.00   100.00R    0.00  
Tamworth         46   39  -38      -5.03    29.91    -7.29    39.00     0.00   -38.00     0.00     0.00     0.00   100.00R    0.00  
Hyde_United      46   10  -81     -21.68     0.20   -21.21    10.00     0.00   -81.00     0.00     0.00     0.00   100.00R  100.00  

Adjustments:
Aldershot        -10
