ASOF         2013-02-23T07:14:53+0000
UPDATED      2013-02-23T07:14:53+0000
LASTPLAYED   1996-05-09 Brighton York 1 3
ITERATIONS   2
BEGINTABLE
                -- Current --     ------- Expected -------     --------------- Percentage chance ---------------
Team            Pld  Pts   GD     Points  sd(pts)       GD     Top1     Top2     Top6  2+[3-6]     Bot4     Bot1
Swindon          46   92  +37      92.00     0.00    37.00   100.00   100.00   100.00   100.00P    0.00     0.00  
Oxford_Utd       46   83  +37      83.00     0.00    37.00     0.00   100.00   100.00   100.00P    0.00     0.00  
Blackpool        46   82  +27      82.00     0.00    27.00     0.00     0.00   100.00     0.00     0.00     0.00  
Notts_County     46   78  +23      78.00     0.00    23.00     0.00     0.00   100.00   100.00P    0.00     0.00  
Crewe            46   73  +17      73.00     0.00    17.00     0.00     0.00   100.00     0.00     0.00     0.00  
Bradford         46   73   +2      73.00     0.00     2.00     0.00     0.00   100.00     0.00     0.00     0.00  
Chesterfield     46   72   +5      72.00     0.00     5.00     0.00     0.00     0.00     0.00     0.00     0.00  
Wrexham          46   70  +21      70.00     0.00    21.00     0.00     0.00     0.00     0.00     0.00     0.00  
Stockport        46   70  +14      70.00     0.00    14.00     0.00     0.00     0.00     0.00     0.00     0.00  
Bristol_Rovers   46   70   -3      70.00     0.00    -3.00     0.00     0.00     0.00     0.00     0.00     0.00  
Walsall          46   69  +15      69.00     0.00    15.00     0.00     0.00     0.00     0.00     0.00     0.00  
Wycombe          46   60   +4      60.00     0.00     4.00     0.00     0.00     0.00     0.00     0.00     0.00  
Bristol_City     46   60   -5      60.00     0.00    -5.00     0.00     0.00     0.00     0.00     0.00     0.00  
Brentford        46   58   -6      58.00     0.00    -6.00     0.00     0.00     0.00     0.00     0.00     0.00  
Bournemouth      46   58  -19      58.00     0.00   -19.00     0.00     0.00     0.00     0.00     0.00     0.00  
Rotherham        46   56   -8      56.00     0.00    -8.00     0.00     0.00     0.00     0.00     0.00     0.00  
Burnley          46   55  -12      55.00     0.00   -12.00     0.00     0.00     0.00     0.00     0.00     0.00  
Shrewsbury       46   53  -12      53.00     0.00   -12.00     0.00     0.00     0.00     0.00     0.00     0.00  
Peterborough     46   52   -7      52.00     0.00    -7.00     0.00     0.00     0.00     0.00     0.00     0.00  
York             46   52  -14      52.00     0.00   -14.00     0.00     0.00     0.00     0.00     0.00     0.00  
Carlisle         46   49  -15      49.00     0.00   -15.00     0.00     0.00     0.00     0.00   100.00R    0.00  
Swansea          46   47  -36      47.00     0.00   -36.00     0.00     0.00     0.00     0.00   100.00R    0.00  
Brighton         46   40  -23      40.00     0.00   -23.00     0.00     0.00     0.00     0.00   100.00R    0.00  
Hull             46   31  -42      31.00     0.00   -42.00     0.00     0.00     0.00     0.00   100.00R  100.00  
