ASOF         2013-02-23T07:14:55+0000
UPDATED      2013-02-23T07:14:55+0000
LASTPLAYED   2006-05-07 Portsmouth Liverpool 1 3
ITERATIONS   2
BEGINTABLE
               -- Current --     ------- Expected -------     ------------------- Percentage chance --------------------
Team           Pld  Pts   GD     Points  sd(pts)       GD     Top1     Top2     Top3     Top4     Top6     Bot3     Bot1
Chelsea         38   91  +50      91.00     0.00    50.00   100.00   100.00   100.00   100.00   100.00     0.00     0.00  
Man_Utd         38   83  +38      83.00     0.00    38.00     0.00   100.00   100.00   100.00   100.00     0.00     0.00  
Liverpool       38   82  +32      82.00     0.00    32.00     0.00     0.00   100.00   100.00   100.00     0.00     0.00  
Arsenal         38   67  +37      67.00     0.00    37.00     0.00     0.00     0.00   100.00   100.00     0.00     0.00  
Tottenham       38   65  +15      65.00     0.00    15.00     0.00     0.00     0.00     0.00   100.00     0.00     0.00  
Blackburn       38   63   +9      63.00     0.00     9.00     0.00     0.00     0.00     0.00   100.00     0.00     0.00  
Newcastle       38   58   +5      58.00     0.00     5.00     0.00     0.00     0.00     0.00     0.00     0.00     0.00  
Bolton          38   56   +8      56.00     0.00     8.00     0.00     0.00     0.00     0.00     0.00     0.00     0.00  
West_Ham        38   55   -3      55.00     0.00    -3.00     0.00     0.00     0.00     0.00     0.00     0.00     0.00  
Wigan           38   51   -7      51.00     0.00    -7.00     0.00     0.00     0.00     0.00     0.00     0.00     0.00  
Everton         38   50  -15      50.00     0.00   -15.00     0.00     0.00     0.00     0.00     0.00     0.00     0.00  
Fulham          38   48  -10      48.00     0.00   -10.00     0.00     0.00     0.00     0.00     0.00     0.00     0.00  
Charlton        38   47  -14      47.00     0.00   -14.00     0.00     0.00     0.00     0.00     0.00     0.00     0.00  
Middlesbrough   38   45  -10      45.00     0.00   -10.00     0.00     0.00     0.00     0.00     0.00     0.00     0.00  
Man_City        38   43   -5      43.00     0.00    -5.00     0.00     0.00     0.00     0.00     0.00     0.00     0.00  
Aston_Villa     38   42  -13      42.00     0.00   -13.00     0.00     0.00     0.00     0.00     0.00     0.00     0.00  
Portsmouth      38   38  -25      38.00     0.00   -25.00     0.00     0.00     0.00     0.00     0.00     0.00     0.00  
Birmingham      38   34  -22      34.00     0.00   -22.00     0.00     0.00     0.00     0.00     0.00   100.00R    0.00  
West_Brom       38   30  -27      30.00     0.00   -27.00     0.00     0.00     0.00     0.00     0.00   100.00R    0.00  
Sunderland      38   15  -43      15.00     0.00   -43.00     0.00     0.00     0.00     0.00     0.00   100.00R  100.00  
