ASOF         2016-07-01T21:00:01+0000
UPDATED      2016-07-01T21:00:01+0000
LASTPLAYED   2016-05-08 Bradford Chesterfield 2 0
ITERATIONS   50000
BEGINTABLE
                -- Current --     --------- Luck ---------   ------- Expected -------     --------------- Percentage chance ---------------
Team            Pld  Pts   GD     Points   %(pts)       GD   Points  sd(pts)       GD     Top1     Top2     Top6  2+[3-6]     Bot4     Bot1
Wigan            46   87  +37       0.68    52.06     1.91    87.00     0.00    37.00   100.00   100.00   100.00   100.00P    0.00     0.00  
Burton_Albion    46   85  +20      16.02    93.75    10.93    85.00     0.00    20.00     0.00   100.00   100.00   100.00P    0.00     0.00  
Walsall          46   84  +22      11.51    86.44     7.96    84.00     0.00    22.00     0.00     0.00   100.00    25.68P    0.00     0.00  
Millwall         46   81  +24       4.44    65.95     3.85    81.00     0.00    24.00     0.00     0.00   100.00    30.49P    0.00     0.00  
Bradford         46   80  +15      11.20    86.00     6.23    80.00     0.00    15.00     0.00     0.00   100.00    20.47P    0.00     0.00  
Barnsley         46   74  +16       2.03    57.77     2.62    74.00     0.00    16.00     0.00     0.00   100.00    23.37P    0.00     0.00  
Scunthorpe       46   74  +13       7.81    77.35     8.19    74.00     0.00    13.00     0.00     0.00     0.00     0.00     0.00     0.00  
Coventry         46   69  +18      -0.73    47.31     7.96    69.00     0.00    18.00     0.00     0.00     0.00     0.00     0.00     0.00  
Gillingham       46   69  +15       0.36    51.38     6.71    69.00     0.00    15.00     0.00     0.00     0.00     0.00     0.00     0.00  
Rochdale         46   69   +7       2.57    59.85     2.14    69.00     0.00     7.00     0.00     0.00     0.00     0.00     0.00     0.00  
Sheff_Utd        46   66   +5      -3.47    37.16    -4.61    66.00     0.00     5.00     0.00     0.00     0.00     0.00     0.00     0.00  
Port_Vale        46   65   -2       4.64    67.81     1.88    65.00     0.00    -2.00     0.00     0.00     0.00     0.00     0.00     0.00  
Peterborough     46   63   +9      -6.63    26.80    -0.74    63.00     0.00     9.00     0.00     0.00     0.00     0.00     0.00     0.00  
Bury             46   60  -17       8.06    78.70     0.40    60.00     0.00   -17.00     0.00     0.00     0.00     0.00     0.00     0.00  
Southend         46   59   -6       2.15    58.92     3.03    59.00     0.00    -6.00     0.00     0.00     0.00     0.00     0.00     0.00  
Swindon          46   59   -7      -6.94    25.57   -11.14    59.00     0.00    -7.00     0.00     0.00     0.00     0.00     0.00     0.00  
Oldham           46   54  -14      -0.69    47.90    -2.59    54.00     0.00   -14.00     0.00     0.00     0.00     0.00     0.00     0.00  
Chesterfield     46   53  -12      -7.83    22.41    -8.41    53.00     0.00   -12.00     0.00     0.00     0.00     0.00     0.00     0.00  
Fleetwood_Town   46   51   -4      -7.85    22.14     1.47    51.00     0.00    -4.00     0.00     0.00     0.00     0.00     0.00     0.00  
Shrewsbury       46   50  -21      -4.03    35.49    -6.76    50.00     0.00   -21.00     0.00     0.00     0.00     0.00     0.00     0.00  
Doncaster        46   46  -16     -11.25    13.30    -7.83    46.00     0.00   -16.00     0.00     0.00     0.00     0.00   100.00R    0.00  
Blackpool        46   46  -23      -6.29    27.18    -8.08    46.00     0.00   -23.00     0.00     0.00     0.00     0.00   100.00R    0.00  
Colchester       46   40  -42      -4.88    31.63    -9.97    40.00     0.00   -42.00     0.00     0.00     0.00     0.00   100.00R    0.00  
Crewe            46   34  -37      -9.15    17.21    -5.13    34.00     0.00   -37.00     0.00     0.00     0.00     0.00   100.00R  100.00  
