ASOF         2013-02-23T07:14:55+0000
UPDATED      2013-02-23T07:14:55+0000
LASTPLAYED   2006-04-30 Southampton Leicester 2 0
ITERATIONS   2
BEGINTABLE
                -- Current --     ------- Expected -------     --------------- Percentage chance ---------------
Team            Pld  Pts   GD     Points  sd(pts)       GD     Top1     Top2     Top6  2+[3-6]     Bot3     Bot1
Reading          46  106  +67     106.00     0.00    67.00   100.00   100.00   100.00   100.00P    0.00     0.00  
Sheff_Utd        46   90  +30      90.00     0.00    30.00     0.00   100.00   100.00   100.00P    0.00     0.00  
Watford          46   81  +24      81.00     0.00    24.00     0.00     0.00   100.00     0.00     0.00     0.00  
Preston          46   80  +29      80.00     0.00    29.00     0.00     0.00   100.00     0.00     0.00     0.00  
Leeds_United     46   78  +19      78.00     0.00    19.00     0.00     0.00   100.00   100.00P    0.00     0.00  
Crystal_Palace   46   75  +19      75.00     0.00    19.00     0.00     0.00   100.00     0.00     0.00     0.00  
Wolverhampton    46   67   +8      67.00     0.00     8.00     0.00     0.00     0.00     0.00     0.00     0.00  
Coventry         46   63   -3      63.00     0.00    -3.00     0.00     0.00     0.00     0.00     0.00     0.00  
Norwich          46   62   -9      62.00     0.00    -9.00     0.00     0.00     0.00     0.00     0.00     0.00  
Luton            46   61   -1      61.00     0.00    -1.00     0.00     0.00     0.00     0.00     0.00     0.00  
Cardiff          46   60   -1      60.00     0.00    -1.00     0.00     0.00     0.00     0.00     0.00     0.00  
Southampton      46   58   -1      58.00     0.00    -1.00     0.00     0.00     0.00     0.00     0.00     0.00  
Stoke            46   58   -9      58.00     0.00    -9.00     0.00     0.00     0.00     0.00     0.00     0.00  
Plymouth         46   56   -7      56.00     0.00    -7.00     0.00     0.00     0.00     0.00     0.00     0.00  
Ipswich          46   56  -13      56.00     0.00   -13.00     0.00     0.00     0.00     0.00     0.00     0.00  
Leicester        46   54   -8      54.00     0.00    -8.00     0.00     0.00     0.00     0.00     0.00     0.00  
Burnley          46   54   -8      54.00     0.00    -8.00     0.00     0.00     0.00     0.00     0.00     0.00  
Hull             46   52   -6      52.00     0.00    -6.00     0.00     0.00     0.00     0.00     0.00     0.00  
Sheff_Wed        46   52  -13      52.00     0.00   -13.00     0.00     0.00     0.00     0.00     0.00     0.00  
Derby            46   50  -14      50.00     0.00   -14.00     0.00     0.00     0.00     0.00     0.00     0.00  
QPR              46   50  -15      50.00     0.00   -15.00     0.00     0.00     0.00     0.00     0.00     0.00  
Crewe            46   42  -29      42.00     0.00   -29.00     0.00     0.00     0.00     0.00   100.00R    0.00  
Millwall         46   40  -27      40.00     0.00   -27.00     0.00     0.00     0.00     0.00   100.00R    0.00  
Brighton         46   38  -32      38.00     0.00   -32.00     0.00     0.00     0.00     0.00   100.00R  100.00  
