ASOF         2013-02-23T07:14:53+0000
UPDATED      2013-02-23T07:14:53+0000
LASTPLAYED   1995-05-06 Blackpool Hull 1 2
ITERATIONS   2
BEGINTABLE
                -- Current --     ------- Expected -------     --------------- Percentage chance ---------------
Team            Pld  Pts   GD     Points  sd(pts)       GD     Top1     Top2     Top6  2+[3-6]     Bot4     Bot1
Birmingham       46   89  +47      89.00     0.00    47.00   100.00   100.00   100.00   100.00P    0.00     0.00  
Brentford        46   85  +42      85.00     0.00    42.00     0.00   100.00   100.00   100.00P    0.00     0.00  
Crewe            46   83  +12      83.00     0.00    12.00     0.00     0.00   100.00     0.00     0.00     0.00  
Bristol_Rovers   46   82  +30      82.00     0.00    30.00     0.00     0.00   100.00    50.00P    0.00     0.00  
Huddersfield     46   81  +30      81.00     0.00    30.00     0.00     0.00   100.00     0.00     0.00     0.00  
Wycombe          46   78  +14      78.00     0.00    14.00     0.00     0.00   100.00    50.00P    0.00     0.00  
Oxford_Utd       46   75  +14      75.00     0.00    14.00     0.00     0.00     0.00     0.00     0.00     0.00  
Hull             46   74  +14      74.00     0.00    14.00     0.00     0.00     0.00     0.00     0.00     0.00  
York             46   72  +16      72.00     0.00    16.00     0.00     0.00     0.00     0.00     0.00     0.00  
Swansea          46   71  +12      71.00     0.00    12.00     0.00     0.00     0.00     0.00     0.00     0.00  
Stockport        46   65   +3      65.00     0.00     3.00     0.00     0.00     0.00     0.00     0.00     0.00  
Blackpool        46   64   -6      64.00     0.00    -6.00     0.00     0.00     0.00     0.00     0.00     0.00  
Wrexham          46   63   +0      63.00     0.00     0.00     0.00     0.00     0.00     0.00     0.00     0.00  
Bradford         46   60   -7      60.00     0.00    -7.00     0.00     0.00     0.00     0.00     0.00     0.00  
Peterborough     46   60  -15      60.00     0.00   -15.00     0.00     0.00     0.00     0.00     0.00     0.00  
Brighton         46   59   +1      59.00     0.00     1.00     0.00     0.00     0.00     0.00     0.00     0.00  
Rotherham        46   56   -4      56.00     0.00    -4.00     0.00     0.00     0.00     0.00     0.00     0.00  
Shrewsbury       46   53   -8      53.00     0.00    -8.00     0.00     0.00     0.00     0.00     0.00     0.00  
Bournemouth      46   50  -20      50.00     0.00   -20.00     0.00     0.00     0.00     0.00     0.00     0.00  
Cambridge_Utd    46   48  -17      48.00     0.00   -17.00     0.00     0.00     0.00     0.00     0.00     0.00  
Plymouth         46   46  -38      46.00     0.00   -38.00     0.00     0.00     0.00     0.00   100.00R    0.00  
Cardiff          46   38  -28      38.00     0.00   -28.00     0.00     0.00     0.00     0.00   100.00R    0.00  
Chester          46   29  -47      29.00     0.00   -47.00     0.00     0.00     0.00     0.00   100.00R    0.00  
Leyton_Orient    46   26  -45      26.00     0.00   -45.00     0.00     0.00     0.00     0.00   100.00R  100.00  
