ASOF         2013-02-23T07:14:56+0000
UPDATED      2013-02-23T07:14:56+0000
LASTPLAYED   2009-08-15 Aston_Villa Wigan 0 2
ITERATIONS   2
BEGINTABLE
               -- Current --     ------- Expected -------     ------------------- Percentage chance --------------------
Team           Pld  Pts   GD     Points  sd(pts)       GD     Top1     Top2     Top3     Top4     Top6     Bot3     Bot1
Chelsea         38   86  +71      86.00     0.00    71.00   100.00   100.00   100.00   100.00   100.00     0.00     0.00  
Man_Utd         38   85  +58      85.00     0.00    58.00     0.00   100.00   100.00   100.00   100.00     0.00     0.00  
Arsenal         38   75  +42      75.00     0.00    42.00     0.00     0.00   100.00   100.00   100.00     0.00     0.00  
Tottenham       38   70  +26      70.00     0.00    26.00     0.00     0.00     0.00   100.00   100.00     0.00     0.00  
Man_City        38   67  +28      67.00     0.00    28.00     0.00     0.00     0.00     0.00   100.00     0.00     0.00  
Aston_Villa     38   64  +13      64.00     0.00    13.00     0.00     0.00     0.00     0.00   100.00     0.00     0.00  
Liverpool       38   63  +26      63.00     0.00    26.00     0.00     0.00     0.00     0.00     0.00     0.00     0.00  
Everton         38   61  +11      61.00     0.00    11.00     0.00     0.00     0.00     0.00     0.00     0.00     0.00  
Birmingham      38   50   -9      50.00     0.00    -9.00     0.00     0.00     0.00     0.00     0.00     0.00     0.00  
Blackburn       38   50  -14      50.00     0.00   -14.00     0.00     0.00     0.00     0.00     0.00     0.00     0.00  
Stoke           38   47  -14      47.00     0.00   -14.00     0.00     0.00     0.00     0.00     0.00     0.00     0.00  
Fulham          38   46   -7      46.00     0.00    -7.00     0.00     0.00     0.00     0.00     0.00     0.00     0.00  
Sunderland      38   44   -8      44.00     0.00    -8.00     0.00     0.00     0.00     0.00     0.00     0.00     0.00  
Bolton          38   39  -25      39.00     0.00   -25.00     0.00     0.00     0.00     0.00     0.00     0.00     0.00  
Wolverhampton   38   38  -24      38.00     0.00   -24.00     0.00     0.00     0.00     0.00     0.00     0.00     0.00  
Wigan           38   36  -42      36.00     0.00   -42.00     0.00     0.00     0.00     0.00     0.00     0.00     0.00  
West_Ham        38   35  -19      35.00     0.00   -19.00     0.00     0.00     0.00     0.00     0.00     0.00     0.00  
Burnley         38   30  -40      30.00     0.00   -40.00     0.00     0.00     0.00     0.00     0.00   100.00R    0.00  
Hull            38   30  -41      30.00     0.00   -41.00     0.00     0.00     0.00     0.00     0.00   100.00R    0.00  
Portsmouth      38   19  -32      19.00     0.00   -32.00     0.00     0.00     0.00     0.00     0.00   100.00R  100.00  

Adjustments:
Portsmouth      -9
