ASOF         2013-02-23T07:14:54+0000
UPDATED      2013-02-23T07:14:54+0000
LASTPLAYED   2001-05-06 Bolton Sheff_Utd 1 1
ITERATIONS   2
BEGINTABLE
                -- Current --     ------- Expected -------     --------------- Percentage chance ---------------
Team            Pld  Pts   GD     Points  sd(pts)       GD     Top1     Top2     Top6  2+[3-6]     Bot3     Bot1
Fulham           46  101  +58     101.00     0.00    58.00   100.00   100.00   100.00   100.00P    0.00     0.00  
Blackburn        46   91  +37      91.00     0.00    37.00     0.00   100.00   100.00   100.00P    0.00     0.00  
Bolton           46   87  +31      87.00     0.00    31.00     0.00     0.00   100.00     0.00     0.00     0.00  
Preston          46   78  +12      78.00     0.00    12.00     0.00     0.00   100.00    50.00P    0.00     0.00  
Birmingham       46   78  +11      78.00     0.00    11.00     0.00     0.00   100.00    50.00P    0.00     0.00  
West_Brom        46   74   +8      74.00     0.00     8.00     0.00     0.00   100.00     0.00     0.00     0.00  
Burnley          46   72   -4      72.00     0.00    -4.00     0.00     0.00     0.00     0.00     0.00     0.00  
AFC_Wimbledon    46   69  +21      69.00     0.00    21.00     0.00     0.00     0.00     0.00     0.00     0.00  
Watford          46   69   +9      69.00     0.00     9.00     0.00     0.00     0.00     0.00     0.00     0.00  
Sheff_Utd        46   68   +3      68.00     0.00     3.00     0.00     0.00     0.00     0.00     0.00     0.00  
Nott'm_Forest    46   68   +2      68.00     0.00     2.00     0.00     0.00     0.00     0.00     0.00     0.00  
Wolverhampton    46   55   -3      55.00     0.00    -3.00     0.00     0.00     0.00     0.00     0.00     0.00  
Gillingham       46   55   -5      55.00     0.00    -5.00     0.00     0.00     0.00     0.00     0.00     0.00  
Crewe            46   55  -15      55.00     0.00   -15.00     0.00     0.00     0.00     0.00     0.00     0.00  
Norwich          46   54  -12      54.00     0.00   -12.00     0.00     0.00     0.00     0.00     0.00     0.00  
Barnsley         46   54  -13      54.00     0.00   -13.00     0.00     0.00     0.00     0.00     0.00     0.00  
Sheff_Wed        46   53  -19      53.00     0.00   -19.00     0.00     0.00     0.00     0.00     0.00     0.00  
Grimsby          46   52  -19      52.00     0.00   -19.00     0.00     0.00     0.00     0.00     0.00     0.00  
Stockport        46   51   -7      51.00     0.00    -7.00     0.00     0.00     0.00     0.00     0.00     0.00  
Portsmouth       46   49  -12      49.00     0.00   -12.00     0.00     0.00     0.00     0.00     0.00     0.00  
Crystal_Palace   46   49  -13      49.00     0.00   -13.00     0.00     0.00     0.00     0.00     0.00     0.00  
Huddersfield     46   48   -9      48.00     0.00    -9.00     0.00     0.00     0.00     0.00   100.00R    0.00  
QPR              46   40  -30      40.00     0.00   -30.00     0.00     0.00     0.00     0.00   100.00R    0.00  
Tranmere         46   38  -31      38.00     0.00   -31.00     0.00     0.00     0.00     0.00   100.00R  100.00  
