ASOF         2013-02-23T07:14:54+0000
UPDATED      2013-02-23T07:14:54+0000
LASTPLAYED   2002-05-11 Arsenal Everton 4 3
ITERATIONS   2
BEGINTABLE
               -- Current --     ------- Expected -------     ------------------- Percentage chance --------------------
Team           Pld  Pts   GD     Points  sd(pts)       GD     Top1     Top2     Top3     Top4     Top6     Bot3     Bot1
Arsenal         38   87  +43      87.00     0.00    43.00   100.00   100.00   100.00   100.00   100.00     0.00     0.00  
Liverpool       38   80  +37      80.00     0.00    37.00     0.00   100.00   100.00   100.00   100.00     0.00     0.00  
Man_Utd         38   77  +42      77.00     0.00    42.00     0.00     0.00   100.00   100.00   100.00     0.00     0.00  
Newcastle       38   71  +22      71.00     0.00    22.00     0.00     0.00     0.00   100.00   100.00     0.00     0.00  
Leeds_United    38   66  +16      66.00     0.00    16.00     0.00     0.00     0.00     0.00   100.00     0.00     0.00  
Chelsea         38   64  +28      64.00     0.00    28.00     0.00     0.00     0.00     0.00   100.00     0.00     0.00  
West_Ham        38   53   -9      53.00     0.00    -9.00     0.00     0.00     0.00     0.00     0.00     0.00     0.00  
Aston_Villa     38   50   -1      50.00     0.00    -1.00     0.00     0.00     0.00     0.00     0.00     0.00     0.00  
Tottenham       38   50   -4      50.00     0.00    -4.00     0.00     0.00     0.00     0.00     0.00     0.00     0.00  
Blackburn       38   46   +4      46.00     0.00     4.00     0.00     0.00     0.00     0.00     0.00     0.00     0.00  
Southampton     38   45   -8      45.00     0.00    -8.00     0.00     0.00     0.00     0.00     0.00     0.00     0.00  
Middlesbrough   38   45  -12      45.00     0.00   -12.00     0.00     0.00     0.00     0.00     0.00     0.00     0.00  
Fulham          38   44   -8      44.00     0.00    -8.00     0.00     0.00     0.00     0.00     0.00     0.00     0.00  
Charlton        38   44  -11      44.00     0.00   -11.00     0.00     0.00     0.00     0.00     0.00     0.00     0.00  
Everton         38   43  -12      43.00     0.00   -12.00     0.00     0.00     0.00     0.00     0.00     0.00     0.00  
Bolton          38   40  -18      40.00     0.00   -18.00     0.00     0.00     0.00     0.00     0.00     0.00     0.00  
Sunderland      38   40  -22      40.00     0.00   -22.00     0.00     0.00     0.00     0.00     0.00     0.00     0.00  
Ipswich         38   36  -23      36.00     0.00   -23.00     0.00     0.00     0.00     0.00     0.00   100.00R    0.00  
Derby           38   30  -30      30.00     0.00   -30.00     0.00     0.00     0.00     0.00     0.00   100.00R    0.00  
Leicester       38   28  -34      28.00     0.00   -34.00     0.00     0.00     0.00     0.00     0.00   100.00R  100.00  
