ASOF         2013-02-23T07:14:56+0000
UPDATED      2013-02-23T07:14:56+0000
LASTPLAYED   2006-08-12 Tamworth Weymouth 1 3
ITERATIONS   2
BEGINTABLE
                  -- Current --     ------- Expected -------     ---------- Percentage chance -----------
Team              Pld  Pts   GD     Points  sd(pts)       GD     Top1     Top5  1+[2-5]     Bot3     Bot1
Dag_&_Red          46   95  +45      95.00     0.00    45.00   100.00   100.00   100.00P    0.00     0.00  
Oxford_Utd         46   81  +33      81.00     0.00    33.00     0.00   100.00    50.00P    0.00     0.00  
Morecambe          46   81  +18      81.00     0.00    18.00     0.00   100.00     0.00     0.00     0.00  
York               46   80  +20      80.00     0.00    20.00     0.00   100.00    50.00P    0.00     0.00  
Exeter             46   78  +19      78.00     0.00    19.00     0.00   100.00     0.00     0.00     0.00  
Burton_Albion      46   75   +5      75.00     0.00     5.00     0.00     0.00     0.00     0.00     0.00  
Gravesend          46   74   +7      74.00     0.00     7.00     0.00     0.00     0.00     0.00     0.00  
Stevenage          46   70  +10      70.00     0.00    10.00     0.00     0.00     0.00     0.00     0.00  
Aldershot          46   65   +2      65.00     0.00     2.00     0.00     0.00     0.00     0.00     0.00  
Kidderminster      46   63   -7      63.00     0.00    -7.00     0.00     0.00     0.00     0.00     0.00  
Weymouth           46   63  -17      63.00     0.00   -17.00     0.00     0.00     0.00     0.00     0.00  
Rushden_&_D'mnds   46   62   +4      62.00     0.00     4.00     0.00     0.00     0.00     0.00     0.00  
Northwich          46   58  -18      58.00     0.00   -18.00     0.00     0.00     0.00     0.00     0.00  
Forest_Green       46   57   -5      57.00     0.00    -5.00     0.00     0.00     0.00     0.00     0.00  
Woking             46   57   -5      57.00     0.00    -5.00     0.00     0.00     0.00     0.00     0.00  
Halifax            46   55   -7      55.00     0.00    -7.00     0.00     0.00     0.00     0.00     0.00  
Cambridge_Utd      46   55   -9      55.00     0.00    -9.00     0.00     0.00     0.00     0.00     0.00  
Crawley_Town       46   53   +0      53.00     0.00     0.00     0.00     0.00     0.00     0.00     0.00  
Grays_Athletic     46   52   +1      52.00     0.00     1.00     0.00     0.00     0.00     0.00     0.00  
Stafford_Rangers   46   52  -22      52.00     0.00   -22.00     0.00     0.00     0.00     0.00     0.00  
Altrincham         46   51  -14      51.00     0.00   -14.00     0.00     0.00     0.00     0.00     0.00  
Tamworth           46   48  -18      48.00     0.00   -18.00     0.00     0.00     0.00   100.00R    0.00  
Southport          46   47  -10      47.00     0.00   -10.00     0.00     0.00     0.00   100.00R    0.00  
St_Albans          46   40  -32      40.00     0.00   -32.00     0.00     0.00     0.00   100.00R  100.00  

Adjustments:
Crawley_Town       -10
