ASOF         2013-02-23T07:14:53+0000
UPDATED      2013-02-23T07:14:53+0000
LASTPLAYED   1994-05-08 Bolton Barnsley 2 3
ITERATIONS   2
BEGINTABLE
                -- Current --     ------- Expected -------     --------------- Percentage chance ---------------
Team            Pld  Pts   GD     Points  sd(pts)       GD     Top1     Top2     Top6  2+[3-6]     Bot3     Bot1
Crystal_Palace   46   90  +27      90.00     0.00    27.00   100.00   100.00   100.00   100.00P    0.00     0.00  
Nott'm_Forest    46   83  +25      83.00     0.00    25.00     0.00   100.00   100.00   100.00P    0.00     0.00  
Millwall         46   74   +9      74.00     0.00     9.00     0.00     0.00   100.00     0.00     0.00     0.00  
Leicester        46   73  +13      73.00     0.00    13.00     0.00     0.00   100.00     0.00     0.00     0.00  
Tranmere         46   72  +16      72.00     0.00    16.00     0.00     0.00   100.00   100.00P    0.00     0.00  
Derby            46   71   +5      71.00     0.00     5.00     0.00     0.00   100.00     0.00     0.00     0.00  
Wolverhampton    46   68  +13      68.00     0.00    13.00     0.00     0.00     0.00     0.00     0.00     0.00  
Notts_County     46   68   -4      68.00     0.00    -4.00     0.00     0.00     0.00     0.00     0.00     0.00  
Middlesbrough    46   67  +12      67.00     0.00    12.00     0.00     0.00     0.00     0.00     0.00     0.00  
Stoke            46   67   -2      67.00     0.00    -2.00     0.00     0.00     0.00     0.00     0.00     0.00  
Charlton         46   65   +3      65.00     0.00     3.00     0.00     0.00     0.00     0.00     0.00     0.00  
Sunderland       46   65   -3      65.00     0.00    -3.00     0.00     0.00     0.00     0.00     0.00     0.00  
Bristol_City     46   64   -3      64.00     0.00    -3.00     0.00     0.00     0.00     0.00     0.00     0.00  
Grimsby          46   59   +5      59.00     0.00     5.00     0.00     0.00     0.00     0.00     0.00     0.00  
Bolton           46   59   -1      59.00     0.00    -1.00     0.00     0.00     0.00     0.00     0.00     0.00  
Southend         46   59   -4      59.00     0.00    -4.00     0.00     0.00     0.00     0.00     0.00     0.00  
Portsmouth       46   58   -6      58.00     0.00    -6.00     0.00     0.00     0.00     0.00     0.00     0.00  
Barnsley         46   55  -12      55.00     0.00   -12.00     0.00     0.00     0.00     0.00     0.00     0.00  
Watford          46   54  -14      54.00     0.00   -14.00     0.00     0.00     0.00     0.00     0.00     0.00  
Luton            46   53   -4      53.00     0.00    -4.00     0.00     0.00     0.00     0.00     0.00     0.00  
West_Brom        46   51   -9      51.00     0.00    -9.00     0.00     0.00     0.00     0.00     0.00     0.00  
Birmingham       46   51  -17      51.00     0.00   -17.00     0.00     0.00     0.00     0.00   100.00R    0.00  
Oxford_Utd       46   49  -21      49.00     0.00   -21.00     0.00     0.00     0.00     0.00   100.00R    0.00  
Peterborough     46   37  -28      37.00     0.00   -28.00     0.00     0.00     0.00     0.00   100.00R  100.00  
