ASOF         2013-02-23T07:14:56+0000
UPDATED      2013-02-23T07:14:56+0000
LASTPLAYED   2009-04-26 Cambridge_Utd Altrincham 0 0
ITERATIONS   2
BEGINTABLE
                  -- Current --     ------- Expected -------     ---------- Percentage chance -----------
Team              Pld  Pts   GD     Points  sd(pts)       GD     Top1     Top5  1+[2-5]     Bot3     Bot1
Burton_Albion      46   88  +29      88.00     0.00    29.00   100.00   100.00   100.00P    0.00     0.00  
Cambridge_Utd      46   86  +26      86.00     0.00    26.00     0.00   100.00    50.00P    0.00     0.00  
Histon             46   83  +30      83.00     0.00    30.00     0.00   100.00     0.00     0.00     0.00  
Torquay            46   83  +25      83.00     0.00    25.00     0.00   100.00     0.00     0.00     0.00  
Stevenage          46   81  +19      81.00     0.00    19.00     0.00   100.00    50.00P    0.00     0.00  
Kidderminster      46   79  +21      79.00     0.00    21.00     0.00     0.00     0.00     0.00     0.00  
Oxford_Utd         46   77  +21      77.00     0.00    21.00     0.00     0.00     0.00     0.00     0.00  
Kettering          46   76  +13      76.00     0.00    13.00     0.00     0.00     0.00     0.00     0.00  
Crawley_Town       46   70  +22      70.00     0.00    22.00     0.00     0.00     0.00     0.00     0.00  
Wrexham            46   66  +16      66.00     0.00    16.00     0.00     0.00     0.00     0.00     0.00  
Rushden_&_D'mnds   46   63  +11      63.00     0.00    11.00     0.00     0.00     0.00     0.00     0.00  
Mansfield          46   62   +2      62.00     0.00     2.00     0.00     0.00     0.00     0.00     0.00  
Eastbourne_Boro    46   60  -12      60.00     0.00   -12.00     0.00     0.00     0.00     0.00     0.00  
Ebbsfleet_United   46   58   -8      58.00     0.00    -8.00     0.00     0.00     0.00     0.00     0.00  
Altrincham         46   56  -17      56.00     0.00   -17.00     0.00     0.00     0.00     0.00     0.00  
Salisbury          46   55  -10      55.00     0.00   -10.00     0.00     0.00     0.00     0.00     0.00  
York               46   52   -4      52.00     0.00    -4.00     0.00     0.00     0.00     0.00     0.00  
Forest_Green       46   52   -6      52.00     0.00    -6.00     0.00     0.00     0.00     0.00     0.00  
Grays_Athletic     46   52  -20      52.00     0.00   -20.00     0.00     0.00     0.00     0.00     0.00  
Barrow             46   51  -14      51.00     0.00   -14.00     0.00     0.00     0.00     0.00     0.00  
Woking             46   44  -23      44.00     0.00   -23.00     0.00     0.00     0.00     0.00     0.00  
Northwich          46   43  -19      43.00     0.00   -19.00     0.00     0.00     0.00   100.00R    0.00  
Weymouth           46   43  -41      43.00     0.00   -41.00     0.00     0.00     0.00   100.00R    0.00  
Lewes              46   24  -61      24.00     0.00   -61.00     0.00     0.00     0.00   100.00R  100.00  

Adjustments:
Oxford_Utd         -5
Mansfield          -4
Crawley_Town       -1
