ASOF         2013-02-23T07:14:56+0000
UPDATED      2013-02-23T07:14:56+0000
LASTPLAYED   2007-05-13 Blackburn Reading 3 3
ITERATIONS   2
BEGINTABLE
               -- Current --     ------- Expected -------     ------------------- Percentage chance --------------------
Team           Pld  Pts   GD     Points  sd(pts)       GD     Top1     Top2     Top3     Top4     Top6     Bot3     Bot1
Man_Utd         38   89  +56      89.00     0.00    56.00   100.00   100.00   100.00   100.00   100.00     0.00     0.00  
Chelsea         38   83  +40      83.00     0.00    40.00     0.00   100.00   100.00   100.00   100.00     0.00     0.00  
Liverpool       38   68  +30      68.00     0.00    30.00     0.00     0.00   100.00   100.00   100.00     0.00     0.00  
Arsenal         38   68  +28      68.00     0.00    28.00     0.00     0.00     0.00   100.00   100.00     0.00     0.00  
Tottenham       38   60   +3      60.00     0.00     3.00     0.00     0.00     0.00     0.00   100.00     0.00     0.00  
Everton         38   58  +16      58.00     0.00    16.00     0.00     0.00     0.00     0.00   100.00     0.00     0.00  
Bolton          38   56   -5      56.00     0.00    -5.00     0.00     0.00     0.00     0.00     0.00     0.00     0.00  
Reading         38   55   +5      55.00     0.00     5.00     0.00     0.00     0.00     0.00     0.00     0.00     0.00  
Portsmouth      38   54   +3      54.00     0.00     3.00     0.00     0.00     0.00     0.00     0.00     0.00     0.00  
Blackburn       38   52   -2      52.00     0.00    -2.00     0.00     0.00     0.00     0.00     0.00     0.00     0.00  
Aston_Villa     38   50   +2      50.00     0.00     2.00     0.00     0.00     0.00     0.00     0.00     0.00     0.00  
Middlesbrough   38   46   -5      46.00     0.00    -5.00     0.00     0.00     0.00     0.00     0.00     0.00     0.00  
Newcastle       38   43   -9      43.00     0.00    -9.00     0.00     0.00     0.00     0.00     0.00     0.00     0.00  
Man_City        38   42  -15      42.00     0.00   -15.00     0.00     0.00     0.00     0.00     0.00     0.00     0.00  
West_Ham        38   41  -24      41.00     0.00   -24.00     0.00     0.00     0.00     0.00     0.00     0.00     0.00  
Fulham          38   39  -22      39.00     0.00   -22.00     0.00     0.00     0.00     0.00     0.00     0.00     0.00  
Wigan           38   38  -22      38.00     0.00   -22.00     0.00     0.00     0.00     0.00     0.00     0.00     0.00  
Sheff_Utd       38   38  -23      38.00     0.00   -23.00     0.00     0.00     0.00     0.00     0.00   100.00R    0.00  
Charlton        38   34  -26      34.00     0.00   -26.00     0.00     0.00     0.00     0.00     0.00   100.00R    0.00  
Watford         38   28  -30      28.00     0.00   -30.00     0.00     0.00     0.00     0.00     0.00   100.00R  100.00  
