ASOF         2013-02-23T07:14:56+0000
UPDATED      2013-02-23T07:14:56+0000
LASTPLAYED   2006-08-05 Swansea Cheltenham 1 2
ITERATIONS   2
BEGINTABLE
               -- Current --     ------- Expected -------     --------------- Percentage chance ---------------
Team           Pld  Pts   GD     Points  sd(pts)       GD     Top1     Top2     Top6  2+[3-6]     Bot4     Bot1
Scunthorpe      46   91  +38      91.00     0.00    38.00   100.00   100.00   100.00   100.00P    0.00     0.00  
Bristol_City    46   85  +24      85.00     0.00    24.00     0.00   100.00   100.00   100.00P    0.00     0.00  
Blackpool       46   83  +27      83.00     0.00    27.00     0.00     0.00   100.00     0.00     0.00     0.00  
Nott'm_Forest   46   82  +24      82.00     0.00    24.00     0.00     0.00   100.00    50.00P    0.00     0.00  
Yeovil          46   79  +16      79.00     0.00    16.00     0.00     0.00   100.00     0.00     0.00     0.00  
Oldham          46   75  +22      75.00     0.00    22.00     0.00     0.00   100.00    50.00P    0.00     0.00  
Swansea         46   72  +16      72.00     0.00    16.00     0.00     0.00     0.00     0.00     0.00     0.00  
Carlisle        46   68   -1      68.00     0.00    -1.00     0.00     0.00     0.00     0.00     0.00     0.00  
Tranmere        46   67   +5      67.00     0.00     5.00     0.00     0.00     0.00     0.00     0.00     0.00  
Millwall        46   66   -3      66.00     0.00    -3.00     0.00     0.00     0.00     0.00     0.00     0.00  
Doncaster       46   63   +5      63.00     0.00     5.00     0.00     0.00     0.00     0.00     0.00     0.00  
Port_Vale       46   60   -1      60.00     0.00    -1.00     0.00     0.00     0.00     0.00     0.00     0.00  
Crewe           46   60   -6      60.00     0.00    -6.00     0.00     0.00     0.00     0.00     0.00     0.00  
Northampton     46   59   -3      59.00     0.00    -3.00     0.00     0.00     0.00     0.00     0.00     0.00  
Huddersfield    46   59   -9      59.00     0.00    -9.00     0.00     0.00     0.00     0.00     0.00     0.00  
Gillingham      46   59  -21      59.00     0.00   -21.00     0.00     0.00     0.00     0.00     0.00     0.00  
Cheltenham      46   54  -12      54.00     0.00   -12.00     0.00     0.00     0.00     0.00     0.00     0.00  
Brighton        46   53   -9      53.00     0.00    -9.00     0.00     0.00     0.00     0.00     0.00     0.00  
Bournemouth     46   52  -14      52.00     0.00   -14.00     0.00     0.00     0.00     0.00     0.00     0.00  
Leyton_Orient   46   51  -16      51.00     0.00   -16.00     0.00     0.00     0.00     0.00     0.00     0.00  
Chesterfield    46   47   -8      47.00     0.00    -8.00     0.00     0.00     0.00     0.00   100.00R    0.00  
Bradford        46   47  -18      47.00     0.00   -18.00     0.00     0.00     0.00     0.00   100.00R    0.00  
Rotherham       46   38  -17      38.00     0.00   -17.00     0.00     0.00     0.00     0.00   100.00R    0.00  
Brentford       46   37  -39      37.00     0.00   -39.00     0.00     0.00     0.00     0.00   100.00R  100.00  

Adjustments:
Rotherham       -10
