ASOF         2014-05-27T11:06:27+0000
UPDATED      2014-05-27T11:06:27+0000
LASTPLAYED   2014-05-11 Cardiff Chelsea 1 2
ITERATIONS   20000
BEGINTABLE
                -- Current --     --------- Luck ---------   ------- Expected -------     ------------------- Percentage chance --------------------
Team            Pld  Pts   GD     Points   %(pts)       GD   Points  sd(pts)       GD     Top1     Top2     Top3     Top4     Top6     Bot3     Bot1
Man_City         38   86  +65       2.06    58.85     8.83    86.00     0.00    65.00   100.00   100.00   100.00   100.00   100.00     0.00     0.00  
Liverpool        38   84  +51       7.59    80.79     8.48    84.00     0.00    51.00     0.00   100.00   100.00   100.00   100.00     0.00     0.00  
Chelsea          38   82  +44       5.51    73.95     5.74    82.00     0.00    44.00     0.00     0.00   100.00   100.00   100.00     0.00     0.00  
Arsenal          38   79  +27       8.64    83.67    -1.57    79.00     0.00    27.00     0.00     0.00     0.00   100.00   100.00     0.00     0.00  
Everton          38   72  +22       7.83    81.00     4.27    72.00     0.00    22.00     0.00     0.00     0.00     0.00   100.00     0.00     0.00  
Tottenham        38   69   +4       9.52    85.25    -6.40    69.00     0.00     4.00     0.00     0.00     0.00     0.00   100.00     0.00     0.00  
Man_Utd          38   64  +21      -7.37    19.55    -9.50    64.00     0.00    21.00     0.00     0.00     0.00     0.00     0.00     0.00     0.00  
Southampton      38   56   +8       3.67    66.12     9.26    56.00     0.00     8.00     0.00     0.00     0.00     0.00     0.00     0.00     0.00  
Stoke            38   50   -7       3.73    67.14     2.62    50.00     0.00    -7.00     0.00     0.00     0.00     0.00     0.00     0.00     0.00  
Newcastle        38   49  -16       4.67    70.82    -1.36    49.00     0.00   -16.00     0.00     0.00     0.00     0.00     0.00     0.00     0.00  
Crystal_Palace   38   45  -15       7.51    81.61     8.02    45.00     0.00   -15.00     0.00     0.00     0.00     0.00     0.00     0.00     0.00  
Swansea          38   42   +0      -8.65    16.58     3.84    42.00     0.00     0.00     0.00     0.00     0.00     0.00     0.00     0.00     0.00  
West_Ham         38   40  -11      -5.96    25.24    -0.37    40.00     0.00   -11.00     0.00     0.00     0.00     0.00     0.00     0.00     0.00  
Sunderland       38   38  -19      -5.14    28.23    -3.53    38.00     0.00   -19.00     0.00     0.00     0.00     0.00     0.00     0.00     0.00  
Aston_Villa      38   38  -22      -2.85    37.56    -1.97    38.00     0.00   -22.00     0.00     0.00     0.00     0.00     0.00     0.00     0.00  
Hull             38   37  -15      -1.58    43.64     6.65    37.00     0.00   -15.00     0.00     0.00     0.00     0.00     0.00     0.00     0.00  
West_Brom        38   36  -16      -9.92    13.46    -4.11    36.00     0.00   -16.00     0.00     0.00     0.00     0.00     0.00     0.00     0.00  
Norwich          38   33  -34      -3.76    33.43    -7.94    33.00     0.00   -34.00     0.00     0.00     0.00     0.00     0.00   100.00R    0.00  
Fulham           38   32  -45      -4.30    31.25   -14.46    32.00     0.00   -45.00     0.00     0.00     0.00     0.00     0.00   100.00R    0.00  
Cardiff          38   30  -42      -2.24    40.52    -6.52    30.00     0.00   -42.00     0.00     0.00     0.00     0.00     0.00   100.00R  100.00  
