ASOF         2013-02-23T07:14:53+0000
UPDATED      2013-02-23T07:14:53+0000
LASTPLAYED   1998-05-10 Aston_Villa Arsenal 1 0
ITERATIONS   2
BEGINTABLE
                -- Current --     ------- Expected -------     ------------------- Percentage chance --------------------
Team            Pld  Pts   GD     Points  sd(pts)       GD     Top1     Top2     Top3     Top4     Top6     Bot3     Bot1
Arsenal          38   78  +35      78.00     0.00    35.00   100.00   100.00   100.00   100.00   100.00     0.00     0.00  
Man_Utd          38   77  +47      77.00     0.00    47.00     0.00   100.00   100.00   100.00   100.00     0.00     0.00  
Liverpool        38   65  +26      65.00     0.00    26.00     0.00     0.00   100.00   100.00   100.00     0.00     0.00  
Chelsea          38   63  +28      63.00     0.00    28.00     0.00     0.00     0.00   100.00   100.00     0.00     0.00  
Leeds_United     38   59  +11      59.00     0.00    11.00     0.00     0.00     0.00     0.00   100.00     0.00     0.00  
Blackburn        38   58   +5      58.00     0.00     5.00     0.00     0.00     0.00     0.00   100.00     0.00     0.00  
Aston_Villa      38   57   +1      57.00     0.00     1.00     0.00     0.00     0.00     0.00     0.00     0.00     0.00  
West_Ham         38   56   -1      56.00     0.00    -1.00     0.00     0.00     0.00     0.00     0.00     0.00     0.00  
Derby            38   55   +3      55.00     0.00     3.00     0.00     0.00     0.00     0.00     0.00     0.00     0.00  
Leicester        38   53  +10      53.00     0.00    10.00     0.00     0.00     0.00     0.00     0.00     0.00     0.00  
Coventry         38   52   +2      52.00     0.00     2.00     0.00     0.00     0.00     0.00     0.00     0.00     0.00  
Southampton      38   48   -5      48.00     0.00    -5.00     0.00     0.00     0.00     0.00     0.00     0.00     0.00  
Newcastle        38   44   -9      44.00     0.00    -9.00     0.00     0.00     0.00     0.00     0.00     0.00     0.00  
Tottenham        38   44  -12      44.00     0.00   -12.00     0.00     0.00     0.00     0.00     0.00     0.00     0.00  
AFC_Wimbledon    38   44  -12      44.00     0.00   -12.00     0.00     0.00     0.00     0.00     0.00     0.00     0.00  
Sheff_Wed        38   44  -15      44.00     0.00   -15.00     0.00     0.00     0.00     0.00     0.00     0.00     0.00  
Everton          38   40  -15      40.00     0.00   -15.00     0.00     0.00     0.00     0.00     0.00     0.00     0.00  
Bolton           38   40  -20      40.00     0.00   -20.00     0.00     0.00     0.00     0.00     0.00   100.00R    0.00  
Barnsley         38   35  -45      35.00     0.00   -45.00     0.00     0.00     0.00     0.00     0.00   100.00R    0.00  
Crystal_Palace   38   33  -34      33.00     0.00   -34.00     0.00     0.00     0.00     0.00     0.00   100.00R  100.00  
