ASOF         2015-06-25T21:00:01+0000
UPDATED      2015-06-25T21:00:01+0000
LASTPLAYED   2015-05-24 Arsenal West_Brom 4 1
ITERATIONS   50000
BEGINTABLE
                -- Current --     --------- Luck ---------   ------- Expected -------     ------------------- Percentage chance --------------------
Team            Pld  Pts   GD     Points   %(pts)       GD   Points  sd(pts)       GD     Top1     Top2     Top3     Top4     Top6     Bot3     Bot1
Chelsea          38   87  +41       9.87    87.97     2.07    87.00     0.00    41.00   100.00   100.00   100.00   100.00   100.00     0.00     0.00  
Man_City         38   79  +45      -1.63    41.22    -3.06    79.00     0.00    45.00     0.00   100.00   100.00   100.00   100.00     0.00     0.00  
Arsenal          38   75  +35       2.79    61.76     3.66    75.00     0.00    35.00     0.00     0.00   100.00   100.00   100.00     0.00     0.00  
Man_Utd          38   70  +25       0.85    53.25    -0.85    70.00     0.00    25.00     0.00     0.00     0.00   100.00   100.00     0.00     0.00  
Tottenham        38   64   +5       6.78    77.00    -1.82    64.00     0.00     5.00     0.00     0.00     0.00     0.00   100.00     0.00     0.00  
Liverpool        38   62   +4      -1.09    45.17   -12.47    62.00     0.00     4.00     0.00     0.00     0.00     0.00   100.00     0.00     0.00  
Southampton      38   60  +21       0.37    51.58    10.29    60.00     0.00    21.00     0.00     0.00     0.00     0.00     0.00     0.00     0.00  
Swansea          38   56   -3       5.91    74.62     0.93    56.00     0.00    -3.00     0.00     0.00     0.00     0.00     0.00     0.00     0.00  
Stoke            38   54   +3       3.74    66.49     6.19    54.00     0.00     3.00     0.00     0.00     0.00     0.00     0.00     0.00     0.00  
Crystal_Palace   38   48   -4       4.17    69.19     9.01    48.00     0.00    -4.00     0.00     0.00     0.00     0.00     0.00     0.00     0.00  
Everton          38   47   -2      -9.86    13.99    -8.45    47.00     0.00    -2.00     0.00     0.00     0.00     0.00     0.00     0.00     0.00  
West_Ham         38   47   -3      -0.97    46.16     3.79    47.00     0.00    -3.00     0.00     0.00     0.00     0.00     0.00     0.00     0.00  
West_Brom        38   44  -13      -0.75    47.03    -0.97    44.00     0.00   -13.00     0.00     0.00     0.00     0.00     0.00     0.00     0.00  
Leicester        38   41   -9      -4.20    32.66     3.18    41.00     0.00    -9.00     0.00     0.00     0.00     0.00     0.00     0.00     0.00  
Newcastle        38   39  -23      -1.85    42.30    -3.54    39.00     0.00   -23.00     0.00     0.00     0.00     0.00     0.00     0.00     0.00  
Sunderland       38   38  -22      -2.14    41.08    -3.54    38.00     0.00   -22.00     0.00     0.00     0.00     0.00     0.00     0.00     0.00  
Aston_Villa      38   38  -26      -0.17    50.26    -3.69    38.00     0.00   -26.00     0.00     0.00     0.00     0.00     0.00     0.00     0.00  
Hull             38   35  -18      -4.09    31.93     1.30    35.00     0.00   -18.00     0.00     0.00     0.00     0.00     0.00   100.00R    0.00  
Burnley          38   33  -25      -3.67    33.94    -1.76    33.00     0.00   -25.00     0.00     0.00     0.00     0.00     0.00   100.00R    0.00  
QPR              38   30  -31      -4.53    30.28    -0.25    30.00     0.00   -31.00     0.00     0.00     0.00     0.00     0.00   100.00R  100.00  
