ASOF         2016-07-01T21:00:01+0000
UPDATED      2016-07-01T21:00:01+0000
LASTPLAYED   2016-04-30 Barrow Wrexham 2 0
ITERATIONS   50000
BEGINTABLE
                -- Current --     --------- Luck ---------   ------- Expected -------     ---------- Percentage chance -----------
Team            Pld  Pts   GD     Points   %(pts)       GD   Points  sd(pts)       GD     Top1     Top5  1+[2-5]     Bot3     Bot1
Cheltenham       46  101  +57       6.41    74.05     8.91   101.00     0.00    57.00   100.00   100.00   100.00P    0.00     0.00  
Forest_Green     46   89  +27      10.53    84.64     4.00    89.00     0.00    27.00     0.00   100.00    27.94P    0.00     0.00  
Braintree_Town   46   81  +18      11.13    86.57     7.71    81.00     0.00    18.00     0.00   100.00    16.82P    0.00     0.00  
Grimsby          46   80  +37      -5.45    29.12     3.30    80.00     0.00    37.00     0.00   100.00    36.99P    0.00     0.00  
Dover_Athletic   46   80  +22       7.66    77.00     8.08    80.00     0.00    22.00     0.00   100.00    18.25P    0.00     0.00  
Tranmere         46   78  +17      -1.18    45.34    -6.63    78.00     0.00    17.00     0.00     0.00     0.00     0.00     0.00  
Eastleigh        46   75  +11       4.77    67.69     0.30    75.00     0.00    11.00     0.00     0.00     0.00     0.00     0.00  
Wrexham          46   69  +15      -1.59    43.95     3.81    69.00     0.00    15.00     0.00     0.00     0.00     0.00     0.00  
Gateshead        46   67  -11       6.85    74.90    -6.11    67.00     0.00   -11.00     0.00     0.00     0.00     0.00     0.00  
Macclesfield     46   66  +12      -3.46    36.99     2.33    66.00     0.00    12.00     0.00     0.00     0.00     0.00     0.00  
Barrow           46   65   -7       8.88    80.21     4.70    65.00     0.00    -7.00     0.00     0.00     0.00     0.00     0.00  
Woking           46   61   +3      -6.39    27.17    -3.08    61.00     0.00     3.00     0.00     0.00     0.00     0.00     0.00  
Lincoln_City     46   61   +1      -1.04    46.44     3.29    61.00     0.00     1.00     0.00     0.00     0.00     0.00     0.00  
Bromley          46   60   -5       2.76    60.84     5.23    60.00     0.00    -5.00     0.00     0.00     0.00     0.00     0.00  
Aldershot        46   56  -18       0.47    52.17    -6.31    56.00     0.00   -18.00     0.00     0.00     0.00     0.00     0.00  
Southport        46   55  -13       2.90    62.07     3.71    55.00     0.00   -13.00     0.00     0.00     0.00     0.00     0.00  
Chester          46   54   -4      -3.61    36.74     5.56    54.00     0.00    -4.00     0.00     0.00     0.00     0.00     0.00  
Torquay          46   51  -22      -6.37    27.01   -12.76    51.00     0.00   -22.00     0.00     0.00     0.00     0.00     0.00  
Boreham_Wood     46   50   -5      -5.70    29.41     4.42    50.00     0.00    -5.00     0.00     0.00     0.00     0.00     0.00  
Guiseley         46   49  -23       1.35    56.34     0.54    49.00     0.00   -23.00     0.00     0.00     0.00     0.00     0.00  
Halifax          46   48  -27      -6.44    26.82   -12.65    48.00     0.00   -27.00     0.00     0.00     0.00     0.00     0.00  
Altrincham       46   44  -25      -4.06    34.77    -1.50    44.00     0.00   -25.00     0.00     0.00     0.00   100.00R    0.00  
Kidderminster    46   40  -22     -13.84     8.05    -8.10    40.00     0.00   -22.00     0.00     0.00     0.00   100.00R    0.00  
Welling          46   35  -38      -8.60    17.95    -8.73    35.00     0.00   -38.00     0.00     0.00     0.00   100.00R  100.00  
