ASOF         2013-02-23T07:14:55+0000
UPDATED      2013-02-23T07:14:55+0000
LASTPLAYED   2005-05-07 Blackpool Barnsley 0 2
ITERATIONS   2
BEGINTABLE
              -- Current --     ------- Expected -------     --------------- Percentage chance ---------------
Team          Pld  Pts   GD     Points  sd(pts)       GD     Top1     Top2     Top6  2+[3-6]     Bot4     Bot1
Luton          46   98  +39      98.00     0.00    39.00   100.00   100.00   100.00   100.00P    0.00     0.00  
Hull           46   86  +27      86.00     0.00    27.00     0.00   100.00   100.00   100.00P    0.00     0.00  
Tranmere       46   79  +18      79.00     0.00    18.00     0.00     0.00   100.00    50.00P    0.00     0.00  
Brentford      46   75   -3      75.00     0.00    -3.00     0.00     0.00   100.00     0.00     0.00     0.00  
Sheff_Wed      46   72  +18      72.00     0.00    18.00     0.00     0.00   100.00     0.00     0.00     0.00  
Hartlepool     46   71  +10      71.00     0.00    10.00     0.00     0.00   100.00    50.00P    0.00     0.00  
Bristol_City   46   70  +17      70.00     0.00    17.00     0.00     0.00     0.00     0.00     0.00     0.00  
Bournemouth    46   70  +13      70.00     0.00    13.00     0.00     0.00     0.00     0.00     0.00     0.00  
Huddersfield   46   70   +9      70.00     0.00     9.00     0.00     0.00     0.00     0.00     0.00     0.00  
Doncaster      46   66   +5      66.00     0.00     5.00     0.00     0.00     0.00     0.00     0.00     0.00  
Bradford       46   65   +2      65.00     0.00     2.00     0.00     0.00     0.00     0.00     0.00     0.00  
Swindon        46   63   -2      63.00     0.00    -2.00     0.00     0.00     0.00     0.00     0.00     0.00  
Barnsley       46   61   +5      61.00     0.00     5.00     0.00     0.00     0.00     0.00     0.00     0.00  
Walsall        46   60   -4      60.00     0.00    -4.00     0.00     0.00     0.00     0.00     0.00     0.00  
Colchester     46   59  +10      59.00     0.00    10.00     0.00     0.00     0.00     0.00     0.00     0.00  
Blackpool      46   57   -5      57.00     0.00    -5.00     0.00     0.00     0.00     0.00     0.00     0.00  
Chesterfield   46   57   -7      57.00     0.00    -7.00     0.00     0.00     0.00     0.00     0.00     0.00  
Port_Vale      46   56  -10      56.00     0.00   -10.00     0.00     0.00     0.00     0.00     0.00     0.00  
Oldham         46   52  -13      52.00     0.00   -13.00     0.00     0.00     0.00     0.00     0.00     0.00  
MK_Dons        46   51  -14      51.00     0.00   -14.00     0.00     0.00     0.00     0.00     0.00     0.00  
Torquay        46   51  -24      51.00     0.00   -24.00     0.00     0.00     0.00     0.00   100.00R    0.00  
Wrexham        46   43  -18      43.00     0.00   -18.00     0.00     0.00     0.00     0.00   100.00R    0.00  
Peterborough   46   39  -24      39.00     0.00   -24.00     0.00     0.00     0.00     0.00   100.00R    0.00  
Stockport      46   26  -49      26.00     0.00   -49.00     0.00     0.00     0.00     0.00   100.00R  100.00  

Adjustments:
Wrexham        -10
