ASOF         2013-02-23T07:14:56+0000
UPDATED      2013-02-23T07:14:56+0000
LASTPLAYED   2007-08-11 Altrincham Exeter 1 4
ITERATIONS   2
BEGINTABLE
                  -- Current --     ------- Expected -------     ---------- Percentage chance -----------
Team              Pld  Pts   GD     Points  sd(pts)       GD     Top1     Top5  1+[2-5]     Bot3     Bot1
Aldershot          46  101  +34     101.00     0.00    34.00   100.00   100.00   100.00P    0.00     0.00  
Cambridge_Utd      46   86  +27      86.00     0.00    27.00     0.00   100.00     0.00     0.00     0.00  
Torquay            46   86  +26      86.00     0.00    26.00     0.00   100.00     0.00     0.00     0.00  
Exeter             46   83  +25      83.00     0.00    25.00     0.00   100.00    50.00P    0.00     0.00  
Burton_Albion      46   81  +23      81.00     0.00    23.00     0.00   100.00    50.00P    0.00     0.00  
Stevenage          46   79  +27      79.00     0.00    27.00     0.00     0.00     0.00     0.00     0.00  
Histon             46   72   +9      72.00     0.00     9.00     0.00     0.00     0.00     0.00     0.00  
Forest_Green       46   71  +17      71.00     0.00    17.00     0.00     0.00     0.00     0.00     0.00  
Oxford_Utd         46   71   +8      71.00     0.00     8.00     0.00     0.00     0.00     0.00     0.00  
Grays_Athletic     46   70  +11      70.00     0.00    11.00     0.00     0.00     0.00     0.00     0.00  
Ebbsfleet_United   46   69   +4      69.00     0.00     4.00     0.00     0.00     0.00     0.00     0.00  
Salisbury          46   68  +10      68.00     0.00    10.00     0.00     0.00     0.00     0.00     0.00  
Kidderminster      46   67  +17      67.00     0.00    17.00     0.00     0.00     0.00     0.00     0.00  
York               46   62   -3      62.00     0.00    -3.00     0.00     0.00     0.00     0.00     0.00  
Crawley_Town       46   60   +6      60.00     0.00     6.00     0.00     0.00     0.00     0.00     0.00  
Rushden_&_D'mnds   46   59   +0      59.00     0.00     0.00     0.00     0.00     0.00     0.00     0.00  
Woking             46   53   -8      53.00     0.00    -8.00     0.00     0.00     0.00     0.00     0.00  
Weymouth           46   46  -20      46.00     0.00   -20.00     0.00     0.00     0.00     0.00     0.00  
Northwich          46   44  -26      44.00     0.00   -26.00     0.00     0.00     0.00     0.00     0.00  
Halifax            46   42   -9      42.00     0.00    -9.00     0.00     0.00     0.00     0.00     0.00  
Altrincham         46   41  -26      41.00     0.00   -26.00     0.00     0.00     0.00     0.00     0.00  
Farsley_Celtic     46   39  -38      39.00     0.00   -38.00     0.00     0.00     0.00   100.00R    0.00  
Stafford_Rangers   46   25  -57      25.00     0.00   -57.00     0.00     0.00     0.00   100.00R    0.00  
Droylsden          46   24  -57      24.00     0.00   -57.00     0.00     0.00     0.00   100.00R  100.00  

Adjustments:
Halifax            -10
Crawley_Town       -6
