ASOF         2013-06-06T22:30:01+0000
UPDATED      2013-06-06T22:30:01+0000
LASTPLAYED   2013-04-27 AFC_Wimbledon Fleetwood_Town 2 1
ITERATIONS   50000
BEGINTABLE
                    -- Current --     --------- Luck ---------   ------- Expected -------     --------------- Percentage chance ---------------
Team                Pld  Pts   GD     Points   %(pts)       GD   Points  sd(pts)       GD     Top1     Top3     Top7  3+[4-7]     Bot2     Bot1
Gillingham           46   83  +27       5.06    68.50     5.34    83.00     0.00    27.00   100.00   100.00   100.00   100.00P    0.00     0.00  
Rotherham            46   79  +15       7.81    77.26     3.12    79.00     0.00    15.00     0.00   100.00   100.00   100.00P    0.00     0.00  
Port_Vale            46   78  +35      -1.46    44.27    10.38    78.00     0.00    35.00     0.00   100.00   100.00   100.00P    0.00     0.00  
Burton_Albion        46   76   +6      15.16    92.52    10.08    76.00     0.00     6.00     0.00     0.00   100.00    20.57P    0.00     0.00  
Cheltenham           46   75   +7       8.57    79.27     1.91    75.00     0.00     7.00     0.00     0.00   100.00    28.82P    0.00     0.00  
Northampton          46   73   +9       9.77    82.26     8.87    73.00     0.00     9.00     0.00     0.00   100.00    22.87P    0.00     0.00  
Bradford             46   69  +11       4.02    65.38     7.94    69.00     0.00    11.00     0.00     0.00   100.00    27.74P    0.00     0.00  
Chesterfield         46   67  +15      -7.09    25.26    -1.00    67.00     0.00    15.00     0.00     0.00     0.00     0.00     0.00     0.00  
Oxford_Utd           46   65   -1       1.55    56.16    -1.77    65.00     0.00    -1.00     0.00     0.00     0.00     0.00     0.00     0.00  
Exeter               46   64   +1      -3.19    38.39    -4.99    64.00     0.00     1.00     0.00     0.00     0.00     0.00     0.00     0.00  
Southend             46   61   +6     -10.40    15.86    -6.24    61.00     0.00     6.00     0.00     0.00     0.00     0.00     0.00     0.00  
Rochdale             46   61   -2      -5.75    30.07    -7.08    61.00     0.00    -2.00     0.00     0.00     0.00     0.00     0.00     0.00  
Fleetwood_Town       46   60   -2       1.12    54.93     3.84    60.00     0.00    -2.00     0.00     0.00     0.00     0.00     0.00     0.00  
Bristol_Rovers       46   60   -9       0.68    52.91    -2.87    60.00     0.00    -9.00     0.00     0.00     0.00     0.00     0.00     0.00  
Wycombe              46   60  -10      -2.56    40.92    -9.31    60.00     0.00   -10.00     0.00     0.00     0.00     0.00     0.00     0.00  
Morecambe            46   58   -6      -2.51    41.15    -2.36    58.00     0.00    -6.00     0.00     0.00     0.00     0.00     0.00     0.00  
York                 46   55  -10       1.76    57.47     3.65    55.00     0.00   -10.00     0.00     0.00     0.00     0.00     0.00     0.00  
Accrington_Stanley   46   54  -17      -0.71    47.93    -4.58    54.00     0.00   -17.00     0.00     0.00     0.00     0.00     0.00     0.00  
Torquay              46   53   -7     -10.28    16.22    -7.48    53.00     0.00    -7.00     0.00     0.00     0.00     0.00     0.00     0.00  
AFC_Wimbledon        46   53  -22       3.02    62.53    -1.01    53.00     0.00   -22.00     0.00     0.00     0.00     0.00     0.00     0.00  
Plymouth             46   52   -9      -6.15    27.56    -2.79    52.00     0.00    -9.00     0.00     0.00     0.00     0.00     0.00     0.00  
Dag_&_Red            46   51   -7      -6.50    26.57     1.04    51.00     0.00    -7.00     0.00     0.00     0.00     0.00     0.00     0.00  
Barnet               46   51  -12      -1.39    45.37     3.32    51.00     0.00   -12.00     0.00     0.00     0.00     0.00   100.00R    0.00  
Aldershot            46   48  -18      -7.36    23.48    -8.02    48.00     0.00   -18.00     0.00     0.00     0.00     0.00   100.00R  100.00  
