ASOF         2013-02-23T07:14:56+0000
UPDATED      2013-02-23T07:14:56+0000
LASTPLAYED   2007-08-11 Barnsley Coventry 1 4
ITERATIONS   2
BEGINTABLE
                -- Current --     ------- Expected -------     --------------- Percentage chance ---------------
Team            Pld  Pts   GD     Points  sd(pts)       GD     Top1     Top2     Top6  2+[3-6]     Bot3     Bot1
West_Brom        46   81  +33      81.00     0.00    33.00   100.00   100.00   100.00   100.00P    0.00     0.00  
Stoke            46   79  +14      79.00     0.00    14.00     0.00   100.00   100.00   100.00P    0.00     0.00  
Hull             46   75  +18      75.00     0.00    18.00     0.00     0.00   100.00     0.00     0.00     0.00  
Bristol_City     46   74   +1      74.00     0.00     1.00     0.00     0.00   100.00    50.00P    0.00     0.00  
Crystal_Palace   46   71  +16      71.00     0.00    16.00     0.00     0.00   100.00     0.00     0.00     0.00  
Watford          46   70   +6      70.00     0.00     6.00     0.00     0.00   100.00    50.00P    0.00     0.00  
Wolverhampton    46   70   +5      70.00     0.00     5.00     0.00     0.00     0.00     0.00     0.00     0.00  
Ipswich          46   69   +9      69.00     0.00     9.00     0.00     0.00     0.00     0.00     0.00     0.00  
Sheff_Utd        46   66   +5      66.00     0.00     5.00     0.00     0.00     0.00     0.00     0.00     0.00  
Plymouth         46   64  +10      64.00     0.00    10.00     0.00     0.00     0.00     0.00     0.00     0.00  
Charlton         46   64   +5      64.00     0.00     5.00     0.00     0.00     0.00     0.00     0.00     0.00  
Cardiff          46   64   +4      64.00     0.00     4.00     0.00     0.00     0.00     0.00     0.00     0.00  
Burnley          46   62   -7      62.00     0.00    -7.00     0.00     0.00     0.00     0.00     0.00     0.00  
QPR              46   58   -6      58.00     0.00    -6.00     0.00     0.00     0.00     0.00     0.00     0.00  
Preston          46   56   -6      56.00     0.00    -6.00     0.00     0.00     0.00     0.00     0.00     0.00  
Sheff_Wed        46   55   -1      55.00     0.00    -1.00     0.00     0.00     0.00     0.00     0.00     0.00  
Norwich          46   55  -10      55.00     0.00   -10.00     0.00     0.00     0.00     0.00     0.00     0.00  
Barnsley         46   55  -13      55.00     0.00   -13.00     0.00     0.00     0.00     0.00     0.00     0.00  
Blackpool        46   54   -5      54.00     0.00    -5.00     0.00     0.00     0.00     0.00     0.00     0.00  
Southampton      46   54  -16      54.00     0.00   -16.00     0.00     0.00     0.00     0.00     0.00     0.00  
Coventry         46   53  -12      53.00     0.00   -12.00     0.00     0.00     0.00     0.00     0.00     0.00  
Leicester        46   52   -3      52.00     0.00    -3.00     0.00     0.00     0.00     0.00   100.00R    0.00  
Scunthorpe       46   46  -23      46.00     0.00   -23.00     0.00     0.00     0.00     0.00   100.00R    0.00  
Colchester       46   38  -24      38.00     0.00   -24.00     0.00     0.00     0.00     0.00   100.00R  100.00  
