ASOF         2015-06-25T21:00:01+0000
UPDATED      2015-06-25T21:00:01+0000
LASTPLAYED   2015-05-02 AFC_Wimbledon Cheltenham 1 1
ITERATIONS   50000
BEGINTABLE
                    -- Current --     --------- Luck ---------   ------- Expected -------     --------------- Percentage chance ---------------
Team                Pld  Pts   GD     Points   %(pts)       GD   Points  sd(pts)       GD     Top1     Top3     Top7  3+[4-7]     Bot2     Bot1
Burton_Albion        46   94  +30      18.30    96.43    11.45    94.00     0.00    30.00   100.00   100.00   100.00   100.00P    0.00     0.00  
Shrewsbury           46   89  +36       5.22    69.12     6.51    89.00     0.00    36.00     0.00   100.00   100.00   100.00P    0.00     0.00  
Bury                 46   85  +20      11.02    85.91     3.87    85.00     0.00    20.00     0.00   100.00   100.00   100.00P    0.00     0.00  
Wycombe              46   84  +22      13.32    90.20    10.52    84.00     0.00    22.00     0.00     0.00   100.00    25.38P    0.00     0.00  
Southend             46   84  +16      10.58    85.38     0.85    84.00     0.00    16.00     0.00     0.00   100.00    29.66P    0.00     0.00  
Stevenage            46   72   +8       1.56    55.85    -3.11    72.00     0.00     8.00     0.00     0.00   100.00    22.52P    0.00     0.00  
Plymouth             46   71  +18       3.15    62.30    10.36    71.00     0.00    18.00     0.00     0.00   100.00    22.44P    0.00     0.00  
Luton                46   68  +10       1.49    55.77     4.26    68.00     0.00    10.00     0.00     0.00     0.00     0.00     0.00     0.00  
Newport_County       46   65   -3       7.16    76.07     3.89    65.00     0.00    -3.00     0.00     0.00     0.00     0.00     0.00     0.00  
Exeter               46   64   -4       2.21    58.58    -2.16    64.00     0.00    -4.00     0.00     0.00     0.00     0.00     0.00     0.00  
Morecambe            46   63   +1       2.06    58.28     3.34    63.00     0.00     1.00     0.00     0.00     0.00     0.00     0.00     0.00  
Northampton          46   61   +5      -1.67    43.86     5.44    61.00     0.00     5.00     0.00     0.00     0.00     0.00     0.00     0.00  
Oxford_Utd           46   61   +1      -2.62    40.02    -0.76    61.00     0.00     1.00     0.00     0.00     0.00     0.00     0.00     0.00  
Dag_&_Red            46   59   -1      -2.04    42.90     1.54    59.00     0.00    -1.00     0.00     0.00     0.00     0.00     0.00     0.00  
AFC_Wimbledon        46   58   -6       0.75    53.46     2.08    58.00     0.00    -6.00     0.00     0.00     0.00     0.00     0.00     0.00  
Portsmouth           46   57   -2      -6.23    27.55    -2.77    57.00     0.00    -2.00     0.00     0.00     0.00     0.00     0.00     0.00  
Accrington_Stanley   46   56  -19       1.94    58.40    -5.06    56.00     0.00   -19.00     0.00     0.00     0.00     0.00     0.00     0.00  
York                 46   52   -5      -8.75    19.39    -3.08    52.00     0.00    -5.00     0.00     0.00     0.00     0.00     0.00     0.00  
Cambridge_Utd        46   51   -5      -4.41    33.83     6.10    51.00     0.00    -5.00     0.00     0.00     0.00     0.00     0.00     0.00  
Carlisle             46   50  -18      -7.76    23.26    -9.89    50.00     0.00   -18.00     0.00     0.00     0.00     0.00     0.00     0.00  
Mansfield            46   48  -24      -1.55    44.62    -5.53    48.00     0.00   -24.00     0.00     0.00     0.00     0.00     0.00     0.00  
Hartlepool           46   45  -31      -5.77    28.36   -13.95    45.00     0.00   -31.00     0.00     0.00     0.00     0.00     0.00     0.00  
Cheltenham           46   41  -27     -10.02    15.62   -10.14    41.00     0.00   -27.00     0.00     0.00     0.00     0.00   100.00R    0.00  
Tranmere             46   39  -22     -18.06     3.48   -13.75    39.00     0.00   -22.00     0.00     0.00     0.00     0.00   100.00R  100.00  
