ASOF         2013-02-23T07:14:55+0000
UPDATED      2013-02-23T07:14:55+0000
LASTPLAYED   2004-05-09 Burnley Sunderland 1 2
ITERATIONS   2
BEGINTABLE
                -- Current --     ------- Expected -------     --------------- Percentage chance ---------------
Team            Pld  Pts   GD     Points  sd(pts)       GD     Top1     Top2     Top6  2+[3-6]     Bot3     Bot1
Norwich          46   94  +40      94.00     0.00    40.00   100.00   100.00   100.00   100.00P    0.00     0.00  
West_Brom        46   86  +22      86.00     0.00    22.00     0.00   100.00   100.00   100.00P    0.00     0.00  
Sunderland       46   79  +17      79.00     0.00    17.00     0.00     0.00   100.00     0.00     0.00     0.00  
West_Ham         46   74  +22      74.00     0.00    22.00     0.00     0.00   100.00    50.00P    0.00     0.00  
Ipswich          46   73  +12      73.00     0.00    12.00     0.00     0.00   100.00    50.00P    0.00     0.00  
Crystal_Palace   46   73  +11      73.00     0.00    11.00     0.00     0.00   100.00     0.00     0.00     0.00  
Wigan            46   71  +15      71.00     0.00    15.00     0.00     0.00     0.00     0.00     0.00     0.00  
Sheff_Utd        46   71   +9      71.00     0.00     9.00     0.00     0.00     0.00     0.00     0.00     0.00  
Reading          46   70   -2      70.00     0.00    -2.00     0.00     0.00     0.00     0.00     0.00     0.00  
Millwall         46   69   +7      69.00     0.00     7.00     0.00     0.00     0.00     0.00     0.00     0.00  
Stoke            46   66   +3      66.00     0.00     3.00     0.00     0.00     0.00     0.00     0.00     0.00  
Coventry         46   65  +13      65.00     0.00    13.00     0.00     0.00     0.00     0.00     0.00     0.00  
Cardiff          46   65  +10      65.00     0.00    10.00     0.00     0.00     0.00     0.00     0.00     0.00  
Nott'm_Forest    46   60   +3      60.00     0.00     3.00     0.00     0.00     0.00     0.00     0.00     0.00  
Preston          46   59   -2      59.00     0.00    -2.00     0.00     0.00     0.00     0.00     0.00     0.00  
Watford          46   57  -14      57.00     0.00   -14.00     0.00     0.00     0.00     0.00     0.00     0.00  
Rotherham        46   54   -8      54.00     0.00    -8.00     0.00     0.00     0.00     0.00     0.00     0.00  
Crewe            46   53   -9      53.00     0.00    -9.00     0.00     0.00     0.00     0.00     0.00     0.00  
Burnley          46   53  -17      53.00     0.00   -17.00     0.00     0.00     0.00     0.00     0.00     0.00  
Derby            46   52  -14      52.00     0.00   -14.00     0.00     0.00     0.00     0.00     0.00     0.00  
Gillingham       46   51  -19      51.00     0.00   -19.00     0.00     0.00     0.00     0.00     0.00     0.00  
Walsall          46   51  -20      51.00     0.00   -20.00     0.00     0.00     0.00     0.00   100.00R    0.00  
Bradford         46   36  -31      36.00     0.00   -31.00     0.00     0.00     0.00     0.00   100.00R    0.00  
AFC_Wimbledon    46   29  -48      29.00     0.00   -48.00     0.00     0.00     0.00     0.00   100.00R  100.00  
