ASOF         2013-02-23T07:14:55+0000
UPDATED      2013-02-23T07:14:55+0000
LASTPLAYED   2005-04-23 Aldershot Scarborough 2 0
ITERATIONS   2
BEGINTABLE
                    -- Current --     ------- Expected -------     ---------- Percentage chance -----------
Team                Pld  Pts   GD     Points  sd(pts)       GD     Top1     Top5  1+[2-5]     Bot3     Bot1
Barnet               42   86  +46      86.00     0.00    46.00   100.00   100.00   100.00P    0.00     0.00  
Hereford             42   74  +27      74.00     0.00    27.00     0.00   100.00    50.00P    0.00     0.00  
Carlisle             42   73  +37      73.00     0.00    37.00     0.00   100.00    50.00P    0.00     0.00  
Aldershot            42   73  +16      73.00     0.00    16.00     0.00   100.00     0.00     0.00     0.00  
Stevenage            42   72  +13      72.00     0.00    13.00     0.00   100.00     0.00     0.00     0.00  
Exeter               42   71  +21      71.00     0.00    21.00     0.00     0.00     0.00     0.00     0.00  
Morecambe            42   71  +19      71.00     0.00    19.00     0.00     0.00     0.00     0.00     0.00  
Woking               42   68  +13      68.00     0.00    13.00     0.00     0.00     0.00     0.00     0.00  
Halifax              42   66  +18      66.00     0.00    18.00     0.00     0.00     0.00     0.00     0.00  
Accrington_Stanley   42   65  +14      65.00     0.00    14.00     0.00     0.00     0.00     0.00     0.00  
Dag_&_Red            42   65   +8      65.00     0.00     8.00     0.00     0.00     0.00     0.00     0.00  
Crawley_Town         42   57   +0      57.00     0.00     0.00     0.00     0.00     0.00     0.00     0.00  
Scarborough          42   56  +14      56.00     0.00    14.00     0.00     0.00     0.00     0.00     0.00  
Gravesend            42   50   -6      50.00     0.00    -6.00     0.00     0.00     0.00     0.00     0.00  
Tamworth             42   50  -10      50.00     0.00   -10.00     0.00     0.00     0.00     0.00     0.00  
Burton_Albion        42   50  -16      50.00     0.00   -16.00     0.00     0.00     0.00     0.00     0.00  
York                 42   43  -27      43.00     0.00   -27.00     0.00     0.00     0.00     0.00     0.00  
Canvey_Island        42   42  -12      42.00     0.00   -12.00     0.00     0.00     0.00     0.00     0.00  
Northwich            42   42  -14      42.00     0.00   -14.00     0.00     0.00     0.00     0.00     0.00  
Forest_Green         42   33  -40      33.00     0.00   -40.00     0.00     0.00     0.00   100.00R    0.00  
Farnborough          42   29  -54      29.00     0.00   -54.00     0.00     0.00     0.00   100.00R    0.00  
Leigh                42   18  -67      18.00     0.00   -67.00     0.00     0.00     0.00   100.00R  100.00  

Adjustments:
Tamworth             -3
Northwich            -10
