ASOF         2013-06-06T22:30:01+0000
UPDATED      2013-06-06T22:30:01+0000
LASTPLAYED   2013-05-04 Birmingham Blackburn 1 1
ITERATIONS   50000
BEGINTABLE
                -- Current --     --------- Luck ---------   ------- Expected -------     --------------- Percentage chance ---------------
Team            Pld  Pts   GD     Points   %(pts)       GD   Points  sd(pts)       GD     Top1     Top2     Top6  2+[3-6]     Bot3     Bot1
Cardiff          46   87  +27       9.09    80.81     5.04    87.00     0.00    27.00   100.00   100.00   100.00   100.00P    0.00     0.00  
Hull             46   79   +9      11.87    87.32     2.70    79.00     0.00     9.00     0.00   100.00   100.00   100.00P    0.00     0.00  
Watford          46   77  +27       3.85    64.21    11.73    77.00     0.00    27.00     0.00     0.00   100.00    24.53P    0.00     0.00  
Brighton         46   75  +26       2.71    59.97    12.45    75.00     0.00    26.00     0.00     0.00   100.00    29.14P    0.00     0.00  
Crystal_Palace   46   72  +11       7.34    76.14     8.69    72.00     0.00    11.00     0.00     0.00   100.00    17.70P    0.00     0.00  
Leicester        46   68  +23      -6.94    25.46     5.38    68.00     0.00    23.00     0.00     0.00   100.00    28.63P    0.00     0.00  
Bolton           46   68   +8      -4.20    34.95    -5.73    68.00     0.00     8.00     0.00     0.00     0.00     0.00     0.00     0.00  
Nott'm_Forest    46   67   +4       3.52    63.21     3.25    67.00     0.00     4.00     0.00     0.00     0.00     0.00     0.00     0.00  
Charlton         46   65   +6       0.32    51.45     3.69    65.00     0.00     6.00     0.00     0.00     0.00     0.00     0.00     0.00  
Derby            46   61   +3      -0.63    47.73     5.16    61.00     0.00     3.00     0.00     0.00     0.00     0.00     0.00     0.00  
Burnley          46   61   +2      -3.89    35.58    -0.70    61.00     0.00     2.00     0.00     0.00     0.00     0.00     0.00     0.00  
Birmingham       46   61   -6      -6.68    26.53   -12.74    61.00     0.00    -6.00     0.00     0.00     0.00     0.00     0.00     0.00  
Leeds_United     46   61   -9       1.54    56.20    -3.09    61.00     0.00    -9.00     0.00     0.00     0.00     0.00     0.00     0.00  
Ipswich          46   60  -13       3.99    65.61    -2.36    60.00     0.00   -13.00     0.00     0.00     0.00     0.00     0.00     0.00  
Blackpool        46   59   -1      -8.60    20.90    -7.52    59.00     0.00    -1.00     0.00     0.00     0.00     0.00     0.00     0.00  
Middlesbrough    46   59   -9      -1.02    46.67    -4.31    59.00     0.00    -9.00     0.00     0.00     0.00     0.00     0.00     0.00  
Blackburn        46   58   -7      -7.40    24.52   -10.39    58.00     0.00    -7.00     0.00     0.00     0.00     0.00     0.00     0.00  
Sheff_Wed        46   58   -8       1.69    57.02     1.91    58.00     0.00    -8.00     0.00     0.00     0.00     0.00     0.00     0.00  
Huddersfield     46   58  -20       5.66    71.15    -3.26    58.00     0.00   -20.00     0.00     0.00     0.00     0.00     0.00     0.00  
Millwall         46   56  -11      -2.12    42.18    -4.21    56.00     0.00   -11.00     0.00     0.00     0.00     0.00     0.00     0.00  
Barnsley         46   55  -14       2.95    62.23     3.10    55.00     0.00   -14.00     0.00     0.00     0.00     0.00     0.00     0.00  
Peterborough     46   54   -9      -3.27    38.16     1.58    54.00     0.00    -9.00     0.00     0.00     0.00     0.00   100.00R    0.00  
Wolverhampton    46   51  -14      -8.42    21.85    -8.16    51.00     0.00   -14.00     0.00     0.00     0.00     0.00   100.00R    0.00  
Bristol_City     46   41  -25      -8.03    21.70    -2.19    41.00     0.00   -25.00     0.00     0.00     0.00     0.00   100.00R  100.00  
