ASOF         2013-02-23T07:14:54+0000
UPDATED      2013-02-23T07:14:54+0000
LASTPLAYED   2002-04-20 Exeter Hartlepool 0 2
ITERATIONS   2
BEGINTABLE
                  -- Current --     ------- Expected -------     --------------- Percentage chance ---------------
Team              Pld  Pts   GD     Points  sd(pts)       GD     Top1     Top3     Top7  3+[4-7]     Bot2     Bot1
Plymouth           46  102  +43     102.00     0.00    43.00   100.00   100.00   100.00   100.00P    0.00     0.00  
Luton              46   97  +48      97.00     0.00    48.00     0.00   100.00   100.00   100.00P    0.00     0.00  
Mansfield          46   79  +12      79.00     0.00    12.00     0.00   100.00   100.00   100.00P    0.00     0.00  
Cheltenham         46   78  +17      78.00     0.00    17.00     0.00     0.00   100.00     0.00     0.00     0.00  
Rochdale           46   78  +13      78.00     0.00    13.00     0.00     0.00   100.00    50.00P    0.00     0.00  
Rushden_&_D'mnds   46   73  +16      73.00     0.00    16.00     0.00     0.00   100.00     0.00     0.00     0.00  
Hartlepool         46   71  +26      71.00     0.00    26.00     0.00     0.00   100.00    50.00P    0.00     0.00  
Scunthorpe         46   71  +18      71.00     0.00    18.00     0.00     0.00     0.00     0.00     0.00     0.00  
Shrewsbury         46   70  +11      70.00     0.00    11.00     0.00     0.00     0.00     0.00     0.00     0.00  
Kidderminster      46   66   +9      66.00     0.00     9.00     0.00     0.00     0.00     0.00     0.00     0.00  
Hull               46   61   +6      61.00     0.00     6.00     0.00     0.00     0.00     0.00     0.00     0.00  
Southend           46   58   -3      58.00     0.00    -3.00     0.00     0.00     0.00     0.00     0.00     0.00  
Macclesfield       46   58  -11      58.00     0.00   -11.00     0.00     0.00     0.00     0.00     0.00     0.00  
York               46   57  -13      57.00     0.00   -13.00     0.00     0.00     0.00     0.00     0.00     0.00  
Darlington         46   56  -11      56.00     0.00   -11.00     0.00     0.00     0.00     0.00     0.00     0.00  
Exeter             46   55  -25      55.00     0.00   -25.00     0.00     0.00     0.00     0.00     0.00     0.00  
Carlisle           46   52   -7      52.00     0.00    -7.00     0.00     0.00     0.00     0.00     0.00     0.00  
Leyton_Orient      46   52  -16      52.00     0.00   -16.00     0.00     0.00     0.00     0.00     0.00     0.00  
Torquay            46   51  -17      51.00     0.00   -17.00     0.00     0.00     0.00     0.00     0.00     0.00  
Swansea            46   51  -24      51.00     0.00   -24.00     0.00     0.00     0.00     0.00     0.00     0.00  
Oxford_Utd         46   47   -9      47.00     0.00    -9.00     0.00     0.00     0.00     0.00     0.00     0.00  
Lincoln_City       46   46  -18      46.00     0.00   -18.00     0.00     0.00     0.00     0.00     0.00     0.00  
Bristol_Rovers     46   45  -20      45.00     0.00   -20.00     0.00     0.00     0.00     0.00   100.00R    0.00  
Halifax            46   36  -45      36.00     0.00   -45.00     0.00     0.00     0.00     0.00   100.00R  100.00  
