ASOF         2013-02-23T07:14:55+0000
UPDATED      2013-02-23T07:14:55+0000
LASTPLAYED   2004-04-24 Aldershot Tamworth 1 1
ITERATIONS   2
BEGINTABLE
                    -- Current --     ------- Expected -------     ---------- Percentage chance -----------
Team                Pld  Pts   GD     Points  sd(pts)       GD     Top1     Top5  1+[2-5]     Bot3     Bot1
Chester              42   92  +51      92.00     0.00    51.00   100.00   100.00   100.00P    0.00     0.00  
Hereford             42   91  +59      91.00     0.00    59.00     0.00   100.00    50.00P    0.00     0.00  
Shrewsbury           42   74  +25      74.00     0.00    25.00     0.00   100.00    50.00P    0.00     0.00  
Barnet               42   71  +14      71.00     0.00    14.00     0.00   100.00     0.00     0.00     0.00  
Aldershot            42   70  +13      70.00     0.00    13.00     0.00   100.00     0.00     0.00     0.00  
Exeter               42   69  +14      69.00     0.00    14.00     0.00     0.00     0.00     0.00     0.00  
Morecambe            42   67   +0      67.00     0.00     0.00     0.00     0.00     0.00     0.00     0.00  
Stevenage            42   63   +6      63.00     0.00     6.00     0.00     0.00     0.00     0.00     0.00  
Woking               42   61  +13      61.00     0.00    13.00     0.00     0.00     0.00     0.00     0.00  
Accrington_Stanley   42   58   +7      58.00     0.00     7.00     0.00     0.00     0.00     0.00     0.00  
Gravesend            42   57   +3      57.00     0.00     3.00     0.00     0.00     0.00     0.00     0.00  
AFC_Telford          42   55   -2      55.00     0.00    -2.00     0.00     0.00     0.00     0.00     0.00  
Dag_&_Red            42   54   -5      54.00     0.00    -5.00     0.00     0.00     0.00     0.00     0.00  
Burton_Albion        42   51   -2      51.00     0.00    -2.00     0.00     0.00     0.00     0.00     0.00  
Scarborough          42   51   -3      51.00     0.00    -3.00     0.00     0.00     0.00     0.00     0.00  
Margate              42   51   -8      51.00     0.00    -8.00     0.00     0.00     0.00     0.00     0.00  
Tamworth             42   49  -19      49.00     0.00   -19.00     0.00     0.00     0.00     0.00     0.00  
Forest_Green         42   48  -22      48.00     0.00   -22.00     0.00     0.00     0.00     0.00     0.00  
Halifax              42   44  -22      44.00     0.00   -22.00     0.00     0.00     0.00     0.00     0.00  
Farnborough          42   39  -21      39.00     0.00   -21.00     0.00     0.00     0.00   100.00R    0.00  
Leigh                42   29  -51      29.00     0.00   -51.00     0.00     0.00     0.00   100.00R    0.00  
Northwich            42   23  -50      23.00     0.00   -50.00     0.00     0.00     0.00   100.00R  100.00  

Adjustments:
Burton_Albion        -1
