ASOF         2013-02-23T07:14:55+0000
UPDATED      2013-02-23T07:14:55+0000
LASTPLAYED   2006-05-06 Walsall Barnsley 1 2
ITERATIONS   2
BEGINTABLE
               -- Current --     ------- Expected -------     --------------- Percentage chance ---------------
Team           Pld  Pts   GD     Points  sd(pts)       GD     Top1     Top2     Top6  2+[3-6]     Bot4     Bot1
Southend        46   82  +29      82.00     0.00    29.00   100.00   100.00   100.00   100.00P    0.00     0.00  
Colchester      46   79  +18      79.00     0.00    18.00     0.00   100.00   100.00   100.00P    0.00     0.00  
Brentford       46   76  +20      76.00     0.00    20.00     0.00     0.00   100.00     0.00     0.00     0.00  
Huddersfield    46   73  +13      73.00     0.00    13.00     0.00     0.00   100.00     0.00     0.00     0.00  
Barnsley        46   72  +18      72.00     0.00    18.00     0.00     0.00   100.00   100.00P    0.00     0.00  
Swansea         46   71  +23      71.00     0.00    23.00     0.00     0.00   100.00     0.00     0.00     0.00  
Nott'm_Forest   46   69  +15      69.00     0.00    15.00     0.00     0.00     0.00     0.00     0.00     0.00  
Doncaster       46   69   +4      69.00     0.00     4.00     0.00     0.00     0.00     0.00     0.00     0.00  
Bristol_City    46   65   +4      65.00     0.00     4.00     0.00     0.00     0.00     0.00     0.00     0.00  
Oldham          46   65   -2      65.00     0.00    -2.00     0.00     0.00     0.00     0.00     0.00     0.00  
Bradford        46   61   +2      61.00     0.00     2.00     0.00     0.00     0.00     0.00     0.00     0.00  
Scunthorpe      46   60   -5      60.00     0.00    -5.00     0.00     0.00     0.00     0.00     0.00     0.00  
Port_Vale       46   60   -5      60.00     0.00    -5.00     0.00     0.00     0.00     0.00     0.00     0.00  
Gillingham      46   60  -14      60.00     0.00   -14.00     0.00     0.00     0.00     0.00     0.00     0.00  
Yeovil          46   56   -8      56.00     0.00    -8.00     0.00     0.00     0.00     0.00     0.00     0.00  
Chesterfield    46   56  -10      56.00     0.00   -10.00     0.00     0.00     0.00     0.00     0.00     0.00  
Bournemouth     46   55   -4      55.00     0.00    -4.00     0.00     0.00     0.00     0.00     0.00     0.00  
Tranmere        46   54   -2      54.00     0.00    -2.00     0.00     0.00     0.00     0.00     0.00     0.00  
Blackpool       46   53   -8      53.00     0.00    -8.00     0.00     0.00     0.00     0.00     0.00     0.00  
Rotherham       46   52  -10      52.00     0.00   -10.00     0.00     0.00     0.00     0.00     0.00     0.00  
Hartlepool      46   50  -15      50.00     0.00   -15.00     0.00     0.00     0.00     0.00   100.00R    0.00  
MK_Dons         46   50  -21      50.00     0.00   -21.00     0.00     0.00     0.00     0.00   100.00R    0.00  
Swindon         46   48  -19      48.00     0.00   -19.00     0.00     0.00     0.00     0.00   100.00R    0.00  
Walsall         46   47  -23      47.00     0.00   -23.00     0.00     0.00     0.00     0.00   100.00R  100.00  
