ASOF         2013-02-23T07:14:54+0000
UPDATED      2013-02-23T07:14:54+0000
LASTPLAYED   2003-05-03 Blackpool Chesterfield 1 1
ITERATIONS   2
BEGINTABLE
              -- Current --     ------- Expected -------     --------------- Percentage chance ---------------
Team          Pld  Pts   GD     Points  sd(pts)       GD     Top1     Top2     Top6  2+[3-6]     Bot4     Bot1
Wigan          46  100  +43     100.00     0.00    43.00   100.00   100.00   100.00   100.00P    0.00     0.00  
Crewe          46   86  +36      86.00     0.00    36.00     0.00   100.00   100.00   100.00P    0.00     0.00  
Bristol_City   46   83  +31      83.00     0.00    31.00     0.00     0.00   100.00     0.00     0.00     0.00  
QPR            46   83  +24      83.00     0.00    24.00     0.00     0.00   100.00     0.00     0.00     0.00  
Oldham         46   82  +30      82.00     0.00    30.00     0.00     0.00   100.00     0.00     0.00     0.00  
Cardiff        46   81  +25      81.00     0.00    25.00     0.00     0.00   100.00   100.00P    0.00     0.00  
Tranmere       46   80   +9      80.00     0.00     9.00     0.00     0.00     0.00     0.00     0.00     0.00  
Plymouth       46   65  +11      65.00     0.00    11.00     0.00     0.00     0.00     0.00     0.00     0.00  
Luton          46   65   +5      65.00     0.00     5.00     0.00     0.00     0.00     0.00     0.00     0.00  
Swindon        46   60   -4      60.00     0.00    -4.00     0.00     0.00     0.00     0.00     0.00     0.00  
Peterborough   46   58   -3      58.00     0.00    -3.00     0.00     0.00     0.00     0.00     0.00     0.00  
Colchester     46   58   -4      58.00     0.00    -4.00     0.00     0.00     0.00     0.00     0.00     0.00  
Blackpool      46   58   -8      58.00     0.00    -8.00     0.00     0.00     0.00     0.00     0.00     0.00  
Stockport      46   55   -5      55.00     0.00    -5.00     0.00     0.00     0.00     0.00     0.00     0.00  
Notts_County   46   55   -8      55.00     0.00    -8.00     0.00     0.00     0.00     0.00     0.00     0.00  
Brentford      46   54   -9      54.00     0.00    -9.00     0.00     0.00     0.00     0.00     0.00     0.00  
Port_Vale      46   53  -16      53.00     0.00   -16.00     0.00     0.00     0.00     0.00     0.00     0.00  
Wycombe        46   52   -7      52.00     0.00    -7.00     0.00     0.00     0.00     0.00     0.00     0.00  
Barnsley       46   52  -13      52.00     0.00   -13.00     0.00     0.00     0.00     0.00     0.00     0.00  
Chesterfield   46   50  -30      50.00     0.00   -30.00     0.00     0.00     0.00     0.00     0.00     0.00  
Cheltenham     46   48  -15      48.00     0.00   -15.00     0.00     0.00     0.00     0.00   100.00R    0.00  
Huddersfield   46   45  -22      45.00     0.00   -22.00     0.00     0.00     0.00     0.00   100.00R    0.00  
Mansfield      46   44  -31      44.00     0.00   -31.00     0.00     0.00     0.00     0.00   100.00R    0.00  
Northampton    46   39  -39      39.00     0.00   -39.00     0.00     0.00     0.00     0.00   100.00R  100.00  
