ASOF         2013-02-23T07:14:57+0000
UPDATED      2013-02-23T07:14:57+0000
LASTPLAYED   2012-05-13 Chelsea Blackburn 2 1
ITERATIONS   2
BEGINTABLE
               -- Current --     ------- Expected -------     ------------------- Percentage chance --------------------
Team           Pld  Pts   GD     Points  sd(pts)       GD     Top1     Top2     Top3     Top4     Top6     Bot3     Bot1
Man_City        38   89  +64      89.00     0.00    64.00   100.00   100.00   100.00   100.00   100.00     0.00     0.00  
Man_Utd         38   89  +56      89.00     0.00    56.00     0.00   100.00   100.00   100.00   100.00     0.00     0.00  
Arsenal         38   70  +25      70.00     0.00    25.00     0.00     0.00   100.00   100.00   100.00     0.00     0.00  
Tottenham       38   69  +25      69.00     0.00    25.00     0.00     0.00     0.00   100.00   100.00     0.00     0.00  
Newcastle       38   65   +5      65.00     0.00     5.00     0.00     0.00     0.00     0.00   100.00     0.00     0.00  
Chelsea         38   64  +19      64.00     0.00    19.00     0.00     0.00     0.00     0.00   100.00     0.00     0.00  
Everton         38   56  +10      56.00     0.00    10.00     0.00     0.00     0.00     0.00     0.00     0.00     0.00  
Liverpool       38   52   +7      52.00     0.00     7.00     0.00     0.00     0.00     0.00     0.00     0.00     0.00  
Fulham          38   52   -3      52.00     0.00    -3.00     0.00     0.00     0.00     0.00     0.00     0.00     0.00  
West_Brom       38   47   -7      47.00     0.00    -7.00     0.00     0.00     0.00     0.00     0.00     0.00     0.00  
Swansea         38   47   -7      47.00     0.00    -7.00     0.00     0.00     0.00     0.00     0.00     0.00     0.00  
Norwich         38   47  -14      47.00     0.00   -14.00     0.00     0.00     0.00     0.00     0.00     0.00     0.00  
Sunderland      38   45   -1      45.00     0.00    -1.00     0.00     0.00     0.00     0.00     0.00     0.00     0.00  
Stoke           38   45  -17      45.00     0.00   -17.00     0.00     0.00     0.00     0.00     0.00     0.00     0.00  
Wigan           38   43  -20      43.00     0.00   -20.00     0.00     0.00     0.00     0.00     0.00     0.00     0.00  
Aston_Villa     38   38  -16      38.00     0.00   -16.00     0.00     0.00     0.00     0.00     0.00     0.00     0.00  
QPR             38   37  -23      37.00     0.00   -23.00     0.00     0.00     0.00     0.00     0.00     0.00     0.00  
Bolton          38   36  -31      36.00     0.00   -31.00     0.00     0.00     0.00     0.00     0.00   100.00R    0.00  
Blackburn       38   31  -30      31.00     0.00   -30.00     0.00     0.00     0.00     0.00     0.00   100.00R    0.00  
Wolverhampton   38   25  -42      25.00     0.00   -42.00     0.00     0.00     0.00     0.00     0.00   100.00R  100.00  
