ASOF         2013-06-06T22:30:01+0000
UPDATED      2013-06-06T22:30:01+0000
LASTPLAYED   2013-04-27 Brentford Doncaster 0 1
ITERATIONS   50000
BEGINTABLE
               -- Current --     --------- Luck ---------   ------- Expected -------     --------------- Percentage chance ---------------
Team           Pld  Pts   GD     Points   %(pts)       GD   Points  sd(pts)       GD     Top1     Top2     Top6  2+[3-6]     Bot4     Bot1
Doncaster       46   84  +18      11.14    85.41     3.59    84.00     0.00    18.00   100.00   100.00   100.00   100.00P    0.00     0.00  
Bournemouth     46   83  +23       9.74    82.49     7.93    83.00     0.00    23.00     0.00   100.00   100.00   100.00P    0.00     0.00  
Brentford       46   79  +15       8.34    78.63     3.71    79.00     0.00    15.00     0.00     0.00   100.00    20.06P    0.00     0.00  
Yeovil          46   77  +15      11.56    86.17    11.61    77.00     0.00    15.00     0.00     0.00   100.00    15.11P    0.00     0.00  
Sheff_Utd       46   75  +14      -2.31    41.15    -6.70    75.00     0.00    14.00     0.00     0.00   100.00    32.83P    0.00     0.00  
Swindon         46   74  +33      -4.87    32.10    10.15    74.00     0.00    33.00     0.00     0.00   100.00    32.00P    0.00     0.00  
Leyton_Orient   46   71   +7       9.15    81.37     8.13    71.00     0.00     7.00     0.00     0.00     0.00     0.00     0.00     0.00  
MK_Dons         46   70  +17      -6.46    26.81    -2.65    70.00     0.00    17.00     0.00     0.00     0.00     0.00     0.00     0.00  
Walsall         46   68   +7       3.80    64.39     5.19    68.00     0.00     7.00     0.00     0.00     0.00     0.00     0.00     0.00  
Crawley_Town    46   68   +1      10.07    83.23     8.44    68.00     0.00     1.00     0.00     0.00     0.00     0.00     0.00     0.00  
Tranmere        46   67  +10       1.83    57.51     6.26    67.00     0.00    10.00     0.00     0.00     0.00     0.00     0.00     0.00  
Notts_County    46   65  +12      -3.96    35.41     3.16    65.00     0.00    12.00     0.00     0.00     0.00     0.00     0.00     0.00  
Coventry        46   65   +7      -4.95    32.25    -3.24    65.00     0.00     7.00     0.00     0.00     0.00     0.00     0.00     0.00  
Crewe           46   64   -8      10.49    84.64     6.32    64.00     0.00    -8.00     0.00     0.00     0.00     0.00     0.00     0.00  
Preston         46   59   +5      -5.49    30.11     2.42    59.00     0.00     5.00     0.00     0.00     0.00     0.00     0.00     0.00  
Shrewsbury      46   55   -6      -1.66    44.06     2.67    55.00     0.00    -6.00     0.00     0.00     0.00     0.00     0.00     0.00  
Carlisle        46   55  -21       0.33    51.90    -7.66    55.00     0.00   -21.00     0.00     0.00     0.00     0.00     0.00     0.00  
Stevenage       46   54  -17      -4.43    33.87   -11.02    54.00     0.00   -17.00     0.00     0.00     0.00     0.00     0.00     0.00  
Oldham          46   51  -13      -3.19    38.03    -1.17    51.00     0.00   -13.00     0.00     0.00     0.00     0.00     0.00     0.00  
Colchester      46   51  -21      -3.10    38.55    -8.05    51.00     0.00   -21.00     0.00     0.00     0.00     0.00     0.00     0.00  
Scunthorpe      46   48  -24      -5.11    31.10    -9.28    48.00     0.00   -24.00     0.00     0.00     0.00     0.00   100.00R    0.00  
Portsmouth      46   42  -18     -19.36     3.26   -15.81    42.00     0.00   -18.00     0.00     0.00     0.00     0.00   100.00R    0.00  
Bury            46   41  -28      -6.99    24.49    -4.89    41.00     0.00   -28.00     0.00     0.00     0.00     0.00   100.00R    0.00  
Hartlepool      46   41  -28      -8.31    19.99    -9.10    41.00     0.00   -28.00     0.00     0.00     0.00     0.00   100.00R  100.00  
