ASOF         2013-02-23T07:14:57+0000
UPDATED      2013-02-23T07:14:57+0000
LASTPLAYED   2010-08-06 Norwich Watford 2 3
ITERATIONS   2
BEGINTABLE
                -- Current --     ------- Expected -------     --------------- Percentage chance ---------------
Team            Pld  Pts   GD     Points  sd(pts)       GD     Top1     Top2     Top6  2+[3-6]     Bot3     Bot1
QPR              46   88  +39      88.00     0.00    39.00   100.00   100.00   100.00   100.00P    0.00     0.00  
Norwich          46   84  +25      84.00     0.00    25.00     0.00   100.00   100.00   100.00P    0.00     0.00  
Swansea          46   80  +27      80.00     0.00    27.00     0.00     0.00   100.00     0.00     0.00     0.00  
Cardiff          46   80  +22      80.00     0.00    22.00     0.00     0.00   100.00    50.00P    0.00     0.00  
Reading          46   77  +26      77.00     0.00    26.00     0.00     0.00   100.00     0.00     0.00     0.00  
Nott'm_Forest    46   75  +19      75.00     0.00    19.00     0.00     0.00   100.00    50.00P    0.00     0.00  
Leeds_United     46   72  +11      72.00     0.00    11.00     0.00     0.00     0.00     0.00     0.00     0.00  
Burnley          46   68   +4      68.00     0.00     4.00     0.00     0.00     0.00     0.00     0.00     0.00  
Millwall         46   67  +13      67.00     0.00    13.00     0.00     0.00     0.00     0.00     0.00     0.00  
Leicester        46   67   +5      67.00     0.00     5.00     0.00     0.00     0.00     0.00     0.00     0.00  
Hull             46   65   +2      65.00     0.00     2.00     0.00     0.00     0.00     0.00     0.00     0.00  
Middlesbrough    46   62   +1      62.00     0.00     1.00     0.00     0.00     0.00     0.00     0.00     0.00  
Watford          46   61   +6      61.00     0.00     6.00     0.00     0.00     0.00     0.00     0.00     0.00  
Bristol_City     46   61   -1      61.00     0.00    -1.00     0.00     0.00     0.00     0.00     0.00     0.00  
Ipswich          46   60   -8      60.00     0.00    -8.00     0.00     0.00     0.00     0.00     0.00     0.00  
Portsmouth       46   58   -7      58.00     0.00    -7.00     0.00     0.00     0.00     0.00     0.00     0.00  
Barnsley         46   56  -12      56.00     0.00   -12.00     0.00     0.00     0.00     0.00     0.00     0.00  
Coventry         46   55   -3      55.00     0.00    -3.00     0.00     0.00     0.00     0.00     0.00     0.00  
Derby            46   49  -13      49.00     0.00   -13.00     0.00     0.00     0.00     0.00     0.00     0.00  
Crystal_Palace   46   48  -25      48.00     0.00   -25.00     0.00     0.00     0.00     0.00     0.00     0.00  
Doncaster        46   48  -27      48.00     0.00   -27.00     0.00     0.00     0.00     0.00     0.00     0.00  
Preston          46   42  -25      42.00     0.00   -25.00     0.00     0.00     0.00     0.00   100.00R    0.00  
Sheff_Utd        46   42  -35      42.00     0.00   -35.00     0.00     0.00     0.00     0.00   100.00R    0.00  
Scunthorpe       46   42  -44      42.00     0.00   -44.00     0.00     0.00     0.00     0.00   100.00R  100.00  
