ASOF         2014-05-27T11:06:27+0000
UPDATED      2014-05-27T11:06:27+0000
LASTPLAYED   2014-05-03 Brentford Stevenage 2 0
ITERATIONS   20000
BEGINTABLE
               -- Current --     --------- Luck ---------   ------- Expected -------     --------------- Percentage chance ---------------
Team           Pld  Pts   GD     Points   %(pts)       GD   Points  sd(pts)       GD     Top1     Top2     Top6  2+[3-6]     Bot4     Bot1
Wolverhampton   46  103  +58       7.52    77.77     8.37   103.00     0.00    58.00   100.00   100.00   100.00   100.00P    0.00     0.00  
Brentford       46   94  +29      16.20    94.24     7.42    94.00     0.00    29.00     0.00   100.00   100.00   100.00P    0.00     0.00  
Leyton_Orient   46   86  +40       6.80    74.06    15.77    86.00     0.00    40.00     0.00     0.00   100.00    30.86P    0.00     0.00  
Rotherham       46   86  +28      15.29    92.36    16.71    86.00     0.00    28.00     0.00     0.00   100.00    20.12P    0.00     0.00  
Preston         46   85  +26      11.39    86.60    10.41    85.00     0.00    26.00     0.00     0.00   100.00    25.65P    0.00     0.00  
Peterborough    46   74  +14      -1.20    45.39    -4.35    74.00     0.00    14.00     0.00     0.00   100.00    23.36P    0.00     0.00  
Sheff_Utd       46   67   +2      -2.03    42.17    -6.88    67.00     0.00     2.00     0.00     0.00     0.00     0.00     0.00     0.00  
Swindon         46   66   +4      -4.78    32.54    -7.36    66.00     0.00     4.00     0.00     0.00     0.00     0.00     0.00     0.00  
Port_Vale       46   61  -14       6.83    75.14     0.80    61.00     0.00   -14.00     0.00     0.00     0.00     0.00     0.00     0.00  
MK_Dons         46   60   -2      -7.60    23.53    -8.52    60.00     0.00    -2.00     0.00     0.00     0.00     0.00     0.00     0.00  
Bradford        46   59   +3       2.32    59.36    12.07    59.00     0.00     3.00     0.00     0.00     0.00     0.00     0.00     0.00  
Bristol_City    46   58   +3     -10.29    16.86    -4.35    58.00     0.00     3.00     0.00     0.00     0.00     0.00     0.00     0.00  
Walsall         46   58   +0      -4.69    33.10     0.19    58.00     0.00     0.00     0.00     0.00     0.00     0.00     0.00     0.00  
Crawley_Town    46   57   -6      -1.00    46.43     1.14    57.00     0.00    -6.00     0.00     0.00     0.00     0.00     0.00     0.00  
Oldham          46   56   -9       0.82    54.20     2.16    56.00     0.00    -9.00     0.00     0.00     0.00     0.00     0.00     0.00  
Colchester      46   53   -8      -2.93    39.29     2.64    53.00     0.00    -8.00     0.00     0.00     0.00     0.00     0.00     0.00  
Gillingham      46   53  -19       1.53    56.80     0.27    53.00     0.00   -19.00     0.00     0.00     0.00     0.00     0.00     0.00  
Coventry        46   51   -3      -3.94    35.62    -4.95    51.00     0.00    -3.00     0.00     0.00     0.00     0.00     0.00     0.00  
Crewe           46   51  -26       1.66    57.25    -3.39    51.00     0.00   -26.00     0.00     0.00     0.00     0.00     0.00     0.00  
Notts_County    46   50  -13     -10.23    16.14    -7.72    50.00     0.00   -13.00     0.00     0.00     0.00     0.00     0.00     0.00  
Tranmere        46   47  -27      -6.02    28.32   -11.48    47.00     0.00   -27.00     0.00     0.00     0.00     0.00   100.00R    0.00  
Carlisle        46   45  -33      -1.72    43.90    -6.89    45.00     0.00   -33.00     0.00     0.00     0.00     0.00   100.00R    0.00  
Shrewsbury      46   42  -21      -9.80    15.93    -4.65    42.00     0.00   -21.00     0.00     0.00     0.00     0.00   100.00R    0.00  
Stevenage       46   42  -26      -8.70    19.01    -7.42    42.00     0.00   -26.00     0.00     0.00     0.00     0.00   100.00R  100.00  

Adjustments:
Coventry        -10
