ASOF         2013-02-23T07:14:56+0000
UPDATED      2013-02-23T07:14:56+0000
LASTPLAYED   2007-08-11 Aston_Villa Liverpool 1 2
ITERATIONS   2
BEGINTABLE
               -- Current --     ------- Expected -------     ------------------- Percentage chance --------------------
Team           Pld  Pts   GD     Points  sd(pts)       GD     Top1     Top2     Top3     Top4     Top6     Bot3     Bot1
Man_Utd         38   87  +58      87.00     0.00    58.00   100.00   100.00   100.00   100.00   100.00     0.00     0.00  
Chelsea         38   85  +39      85.00     0.00    39.00     0.00   100.00   100.00   100.00   100.00     0.00     0.00  
Arsenal         38   83  +43      83.00     0.00    43.00     0.00     0.00   100.00   100.00   100.00     0.00     0.00  
Liverpool       38   76  +39      76.00     0.00    39.00     0.00     0.00     0.00   100.00   100.00     0.00     0.00  
Everton         38   65  +22      65.00     0.00    22.00     0.00     0.00     0.00     0.00   100.00     0.00     0.00  
Aston_Villa     38   60  +20      60.00     0.00    20.00     0.00     0.00     0.00     0.00   100.00     0.00     0.00  
Blackburn       38   58   +2      58.00     0.00     2.00     0.00     0.00     0.00     0.00     0.00     0.00     0.00  
Portsmouth      38   57   +8      57.00     0.00     8.00     0.00     0.00     0.00     0.00     0.00     0.00     0.00  
Man_City        38   55   -8      55.00     0.00    -8.00     0.00     0.00     0.00     0.00     0.00     0.00     0.00  
West_Ham        38   49   -8      49.00     0.00    -8.00     0.00     0.00     0.00     0.00     0.00     0.00     0.00  
Tottenham       38   46   +5      46.00     0.00     5.00     0.00     0.00     0.00     0.00     0.00     0.00     0.00  
Newcastle       38   43  -20      43.00     0.00   -20.00     0.00     0.00     0.00     0.00     0.00     0.00     0.00  
Middlesbrough   38   42  -10      42.00     0.00   -10.00     0.00     0.00     0.00     0.00     0.00     0.00     0.00  
Wigan           38   40  -17      40.00     0.00   -17.00     0.00     0.00     0.00     0.00     0.00     0.00     0.00  
Sunderland      38   39  -23      39.00     0.00   -23.00     0.00     0.00     0.00     0.00     0.00     0.00     0.00  
Bolton          38   37  -18      37.00     0.00   -18.00     0.00     0.00     0.00     0.00     0.00     0.00     0.00  
Fulham          38   36  -22      36.00     0.00   -22.00     0.00     0.00     0.00     0.00     0.00     0.00     0.00  
Reading         38   36  -25      36.00     0.00   -25.00     0.00     0.00     0.00     0.00     0.00   100.00R    0.00  
Birmingham      38   35  -16      35.00     0.00   -16.00     0.00     0.00     0.00     0.00     0.00   100.00R    0.00  
Derby           38   11  -69      11.00     0.00   -69.00     0.00     0.00     0.00     0.00     0.00   100.00R  100.00  
