ASOF         2013-02-23T07:14:56+0000
UPDATED      2013-02-23T07:14:56+0000
LASTPLAYED   2008-08-16 Arsenal West_Brom 1 0
ITERATIONS   2
BEGINTABLE
               -- Current --     ------- Expected -------     ------------------- Percentage chance --------------------
Team           Pld  Pts   GD     Points  sd(pts)       GD     Top1     Top2     Top3     Top4     Top6     Bot3     Bot1
Man_Utd         38   90  +44      90.00     0.00    44.00   100.00   100.00   100.00   100.00   100.00     0.00     0.00  
Liverpool       38   86  +50      86.00     0.00    50.00     0.00   100.00   100.00   100.00   100.00     0.00     0.00  
Chelsea         38   83  +44      83.00     0.00    44.00     0.00     0.00   100.00   100.00   100.00     0.00     0.00  
Arsenal         38   72  +31      72.00     0.00    31.00     0.00     0.00     0.00   100.00   100.00     0.00     0.00  
Everton         38   63  +18      63.00     0.00    18.00     0.00     0.00     0.00     0.00   100.00     0.00     0.00  
Aston_Villa     38   62   +6      62.00     0.00     6.00     0.00     0.00     0.00     0.00   100.00     0.00     0.00  
Fulham          38   53   +5      53.00     0.00     5.00     0.00     0.00     0.00     0.00     0.00     0.00     0.00  
Tottenham       38   51   +0      51.00     0.00     0.00     0.00     0.00     0.00     0.00     0.00     0.00     0.00  
West_Ham        38   51   -3      51.00     0.00    -3.00     0.00     0.00     0.00     0.00     0.00     0.00     0.00  
Man_City        38   50   +8      50.00     0.00     8.00     0.00     0.00     0.00     0.00     0.00     0.00     0.00  
Wigan           38   45  -11      45.00     0.00   -11.00     0.00     0.00     0.00     0.00     0.00     0.00     0.00  
Stoke           38   45  -17      45.00     0.00   -17.00     0.00     0.00     0.00     0.00     0.00     0.00     0.00  
Bolton          38   41  -12      41.00     0.00   -12.00     0.00     0.00     0.00     0.00     0.00     0.00     0.00  
Portsmouth      38   41  -19      41.00     0.00   -19.00     0.00     0.00     0.00     0.00     0.00     0.00     0.00  
Blackburn       38   41  -20      41.00     0.00   -20.00     0.00     0.00     0.00     0.00     0.00     0.00     0.00  
Sunderland      38   36  -20      36.00     0.00   -20.00     0.00     0.00     0.00     0.00     0.00     0.00     0.00  
Hull            38   35  -25      35.00     0.00   -25.00     0.00     0.00     0.00     0.00     0.00     0.00     0.00  
Newcastle       38   34  -19      34.00     0.00   -19.00     0.00     0.00     0.00     0.00     0.00   100.00R    0.00  
Middlesbrough   38   32  -29      32.00     0.00   -29.00     0.00     0.00     0.00     0.00     0.00   100.00R    0.00  
West_Brom       38   32  -31      32.00     0.00   -31.00     0.00     0.00     0.00     0.00     0.00   100.00R  100.00  
