ASOF         2013-02-23T07:14:54+0000
UPDATED      2013-02-23T07:14:54+0000
LASTPLAYED   1999-05-16 Arsenal Aston_Villa 1 0
ITERATIONS   2
BEGINTABLE
               -- Current --     ------- Expected -------     ------------------- Percentage chance --------------------
Team           Pld  Pts   GD     Points  sd(pts)       GD     Top1     Top2     Top3     Top4     Top6     Bot3     Bot1
Man_Utd         38   79  +43      79.00     0.00    43.00   100.00   100.00   100.00   100.00   100.00     0.00     0.00  
Arsenal         38   78  +42      78.00     0.00    42.00     0.00   100.00   100.00   100.00   100.00     0.00     0.00  
Chelsea         38   75  +27      75.00     0.00    27.00     0.00     0.00   100.00   100.00   100.00     0.00     0.00  
Leeds_United    38   67  +28      67.00     0.00    28.00     0.00     0.00     0.00   100.00   100.00     0.00     0.00  
West_Ham        38   57   -7      57.00     0.00    -7.00     0.00     0.00     0.00     0.00   100.00     0.00     0.00  
Aston_Villa     38   55   +5      55.00     0.00     5.00     0.00     0.00     0.00     0.00   100.00     0.00     0.00  
Liverpool       38   54  +19      54.00     0.00    19.00     0.00     0.00     0.00     0.00     0.00     0.00     0.00  
Derby           38   52   -5      52.00     0.00    -5.00     0.00     0.00     0.00     0.00     0.00     0.00     0.00  
Middlesbrough   38   51   -6      51.00     0.00    -6.00     0.00     0.00     0.00     0.00     0.00     0.00     0.00  
Leicester       38   49   -6      49.00     0.00    -6.00     0.00     0.00     0.00     0.00     0.00     0.00     0.00  
Tottenham       38   47   -3      47.00     0.00    -3.00     0.00     0.00     0.00     0.00     0.00     0.00     0.00  
Sheff_Wed       38   46   -1      46.00     0.00    -1.00     0.00     0.00     0.00     0.00     0.00     0.00     0.00  
Newcastle       38   46   -6      46.00     0.00    -6.00     0.00     0.00     0.00     0.00     0.00     0.00     0.00  
Everton         38   43   -5      43.00     0.00    -5.00     0.00     0.00     0.00     0.00     0.00     0.00     0.00  
Coventry        38   42  -12      42.00     0.00   -12.00     0.00     0.00     0.00     0.00     0.00     0.00     0.00  
AFC_Wimbledon   38   42  -23      42.00     0.00   -23.00     0.00     0.00     0.00     0.00     0.00     0.00     0.00  
Southampton     38   41  -27      41.00     0.00   -27.00     0.00     0.00     0.00     0.00     0.00     0.00     0.00  
Charlton        38   36  -15      36.00     0.00   -15.00     0.00     0.00     0.00     0.00     0.00   100.00R    0.00  
Blackburn       38   35  -14      35.00     0.00   -14.00     0.00     0.00     0.00     0.00     0.00   100.00R    0.00  
Nott'm_Forest   38   30  -34      30.00     0.00   -34.00     0.00     0.00     0.00     0.00     0.00   100.00R  100.00  
