ASOF         2013-02-23T07:14:53+0000
UPDATED      2013-02-23T07:14:53+0000
LASTPLAYED   1997-05-03 Brentford Peterborough 0 1
ITERATIONS   2
BEGINTABLE
                -- Current --     ------- Expected -------     --------------- Percentage chance ---------------
Team            Pld  Pts   GD     Points  sd(pts)       GD     Top1     Top2     Top6  2+[3-6]     Bot4     Bot1
Bury             46   84  +24      84.00     0.00    24.00   100.00   100.00   100.00   100.00P    0.00     0.00  
Stockport        46   82  +18      82.00     0.00    18.00     0.00   100.00   100.00   100.00P    0.00     0.00  
Luton            46   78  +26      78.00     0.00    26.00     0.00     0.00   100.00   100.00P    0.00     0.00  
Brentford        46   74  +13      74.00     0.00    13.00     0.00     0.00   100.00     0.00     0.00     0.00  
Bristol_City     46   73  +18      73.00     0.00    18.00     0.00     0.00   100.00     0.00     0.00     0.00  
Crewe            46   73   +9      73.00     0.00     9.00     0.00     0.00   100.00     0.00     0.00     0.00  
Blackpool        46   69  +13      69.00     0.00    13.00     0.00     0.00     0.00     0.00     0.00     0.00  
Wrexham          46   69   +5      69.00     0.00     5.00     0.00     0.00     0.00     0.00     0.00     0.00  
Burnley          46   68  +16      68.00     0.00    16.00     0.00     0.00     0.00     0.00     0.00     0.00  
Chesterfield     46   68   +3      68.00     0.00     3.00     0.00     0.00     0.00     0.00     0.00     0.00  
Watford          46   67   +7      67.00     0.00     7.00     0.00     0.00     0.00     0.00     0.00     0.00  
Gillingham       46   67   +1      67.00     0.00     1.00     0.00     0.00     0.00     0.00     0.00     0.00  
Walsall          46   67   +1      67.00     0.00     1.00     0.00     0.00     0.00     0.00     0.00     0.00  
Millwall         46   61   -5      61.00     0.00    -5.00     0.00     0.00     0.00     0.00     0.00     0.00  
Preston          46   61   -6      61.00     0.00    -6.00     0.00     0.00     0.00     0.00     0.00     0.00  
Bournemouth      46   60   -2      60.00     0.00    -2.00     0.00     0.00     0.00     0.00     0.00     0.00  
Bristol_Rovers   46   56   -3      56.00     0.00    -3.00     0.00     0.00     0.00     0.00     0.00     0.00  
Wycombe          46   55   -6      55.00     0.00    -6.00     0.00     0.00     0.00     0.00     0.00     0.00  
Plymouth         46   54  -11      54.00     0.00   -11.00     0.00     0.00     0.00     0.00     0.00     0.00  
York             46   52  -21      52.00     0.00   -21.00     0.00     0.00     0.00     0.00     0.00     0.00  
Peterborough     46   47  -18      47.00     0.00   -18.00     0.00     0.00     0.00     0.00   100.00R    0.00  
Shrewsbury       46   46  -25      46.00     0.00   -25.00     0.00     0.00     0.00     0.00   100.00R    0.00  
Notts_County     46   35  -26      35.00     0.00   -26.00     0.00     0.00     0.00     0.00   100.00R    0.00  
Rotherham        46   35  -31      35.00     0.00   -31.00     0.00     0.00     0.00     0.00   100.00R  100.00  
