ASOF         2013-06-06T22:30:01+0000
UPDATED      2013-06-06T22:30:01+0000
LASTPLAYED   2013-05-19 Chelsea Everton 2 1
ITERATIONS   50000
BEGINTABLE
             -- Current --     --------- Luck ---------   ------- Expected -------     ------------------- Percentage chance --------------------
Team         Pld  Pts   GD     Points   %(pts)       GD   Points  sd(pts)       GD     Top1     Top2     Top3     Top4     Top6     Bot3     Bot1
Man_Utd       38   89  +43       8.63    85.00    -5.02    89.00     0.00    43.00   100.00   100.00   100.00   100.00   100.00     0.00     0.00  
Man_City      38   78  +32       2.79    61.69    -4.26    78.00     0.00    32.00     0.00   100.00   100.00   100.00   100.00     0.00     0.00  
Chelsea       38   75  +36       1.58    56.30     2.07    75.00     0.00    36.00     0.00     0.00   100.00   100.00   100.00     0.00     0.00  
Arsenal       38   73  +35       1.32    55.27     3.72    73.00     0.00    35.00     0.00     0.00     0.00   100.00   100.00     0.00     0.00  
Tottenham     38   72  +20       7.36    78.77     0.78    72.00     0.00    20.00     0.00     0.00     0.00     0.00   100.00     0.00     0.00  
Everton       38   63  +15       2.68    61.64     3.10    63.00     0.00    15.00     0.00     0.00     0.00     0.00   100.00     0.00     0.00  
Liverpool     38   61  +28      -5.53    26.71     6.02    61.00     0.00    28.00     0.00     0.00     0.00     0.00     0.00     0.00     0.00  
West_Brom     38   49   -4       0.55    52.88     3.30    49.00     0.00    -4.00     0.00     0.00     0.00     0.00     0.00     0.00     0.00  
Swansea       38   46   -4      -0.68    47.40     4.78    46.00     0.00    -4.00     0.00     0.00     0.00     0.00     0.00     0.00     0.00  
West_Ham      38   46   -8       0.92    54.78     4.06    46.00     0.00    -8.00     0.00     0.00     0.00     0.00     0.00     0.00     0.00  
Norwich       38   44  -17       2.27    60.82     1.21    44.00     0.00   -17.00     0.00     0.00     0.00     0.00     0.00     0.00     0.00  
Fulham        38   43  -10      -5.16    28.66    -2.84    43.00     0.00   -10.00     0.00     0.00     0.00     0.00     0.00     0.00     0.00  
Stoke         38   42  -11      -1.77    42.62     0.98    42.00     0.00   -11.00     0.00     0.00     0.00     0.00     0.00     0.00     0.00  
Southampton   38   41  -11      -2.93    38.05     3.82    41.00     0.00   -11.00     0.00     0.00     0.00     0.00     0.00     0.00     0.00  
Aston_Villa   38   41  -22      -0.91    46.68    -4.00    41.00     0.00   -22.00     0.00     0.00     0.00     0.00     0.00     0.00     0.00  
Newcastle     38   41  -23      -4.04    33.33    -9.78    41.00     0.00   -23.00     0.00     0.00     0.00     0.00     0.00     0.00     0.00  
Sunderland    38   39  -13      -6.61    22.98    -2.56    39.00     0.00   -13.00     0.00     0.00     0.00     0.00     0.00     0.00     0.00  
Wigan         38   36  -26      -1.81    42.74    -0.19    36.00     0.00   -26.00     0.00     0.00     0.00     0.00     0.00   100.00R    0.00  
Reading       38   28  -30      -8.27    16.67    -1.79    28.00     0.00   -30.00     0.00     0.00     0.00     0.00     0.00   100.00R    0.00  
QPR           38   25  -30     -10.49    10.06    -3.39    25.00     0.00   -30.00     0.00     0.00     0.00     0.00     0.00   100.00R  100.00  
