ASOF         2013-02-23T07:14:55+0000
UPDATED      2013-02-23T07:14:55+0000
LASTPLAYED   2006-04-29 Woking Altrincham 3 1
ITERATIONS   2
BEGINTABLE
                    -- Current --     ------- Expected -------     ---------- Percentage chance -----------
Team                Pld  Pts   GD     Points  sd(pts)       GD     Top1     Top5  1+[2-5]     Bot3     Bot1
Accrington_Stanley   42   91  +31      91.00     0.00    31.00   100.00   100.00   100.00P    0.00     0.00  
Hereford             42   80  +26      80.00     0.00    26.00     0.00   100.00    50.00P    0.00     0.00  
Grays_Athletic       42   76  +39      76.00     0.00    39.00     0.00   100.00     0.00     0.00     0.00  
Halifax              42   75  +15      75.00     0.00    15.00     0.00   100.00    50.00P    0.00     0.00  
Morecambe            42   74  +27      74.00     0.00    27.00     0.00   100.00     0.00     0.00     0.00  
Stevenage            42   69  +16      69.00     0.00    16.00     0.00     0.00     0.00     0.00     0.00  
Exeter               42   63  +17      63.00     0.00    17.00     0.00     0.00     0.00     0.00     0.00  
York                 42   63  +15      63.00     0.00    15.00     0.00     0.00     0.00     0.00     0.00  
Burton_Albion        42   60   -2      60.00     0.00    -2.00     0.00     0.00     0.00     0.00     0.00  
Dag_&_Red            42   58   +4      58.00     0.00     4.00     0.00     0.00     0.00     0.00     0.00  
Woking               42   56  +11      56.00     0.00    11.00     0.00     0.00     0.00     0.00     0.00  
Cambridge_Utd        42   55   -6      55.00     0.00    -6.00     0.00     0.00     0.00     0.00     0.00  
Aldershot            42   54  -13      54.00     0.00   -13.00     0.00     0.00     0.00     0.00     0.00  
Canvey_Island        42   51  -11      51.00     0.00   -11.00     0.00     0.00     0.00     0.00     0.00  
Kidderminster        42   50  -16      50.00     0.00   -16.00     0.00     0.00     0.00     0.00     0.00  
Gravesend            42   49  -12      49.00     0.00   -12.00     0.00     0.00     0.00     0.00     0.00  
Crawley_Town         42   47   -7      47.00     0.00    -7.00     0.00     0.00     0.00     0.00     0.00  
Southport            42   40  -32      40.00     0.00   -32.00     0.00     0.00     0.00     0.00     0.00  
Forest_Green         42   38  -13      38.00     0.00   -13.00     0.00     0.00     0.00     0.00     0.00  
Tamworth             42   38  -31      38.00     0.00   -31.00     0.00     0.00     0.00   100.00R    0.00  
Scarborough          42   37  -26      37.00     0.00   -26.00     0.00     0.00     0.00   100.00R    0.00  
Altrincham           42   23  -32      23.00     0.00   -32.00     0.00     0.00     0.00   100.00R  100.00  

Adjustments:
Altrincham           -18
