ASOF         2013-02-23T07:14:53+0000
UPDATED      2013-02-23T07:14:53+0000
LASTPLAYED   1996-05-05 Birmingham Reading 1 2
ITERATIONS   2
BEGINTABLE
                -- Current --     ------- Expected -------     --------------- Percentage chance ---------------
Team            Pld  Pts   GD     Points  sd(pts)       GD     Top1     Top2     Top6  2+[3-6]     Bot3     Bot1
Sunderland       46   83  +26      83.00     0.00    26.00   100.00   100.00   100.00   100.00P    0.00     0.00  
Derby            46   79  +20      79.00     0.00    20.00     0.00   100.00   100.00   100.00P    0.00     0.00  
Crystal_Palace   46   75  +20      75.00     0.00    20.00     0.00     0.00   100.00    50.00P    0.00     0.00  
Stoke            46   73  +11      73.00     0.00    11.00     0.00     0.00   100.00     0.00     0.00     0.00  
Charlton         46   71  +12      71.00     0.00    12.00     0.00     0.00   100.00     0.00     0.00     0.00  
Leicester        46   71   +6      71.00     0.00     6.00     0.00     0.00   100.00    50.00P    0.00     0.00  
Ipswich          46   69  +10      69.00     0.00    10.00     0.00     0.00     0.00     0.00     0.00     0.00  
Huddersfield     46   63   +2      63.00     0.00     2.00     0.00     0.00     0.00     0.00     0.00     0.00  
Sheff_Utd        46   62   +3      62.00     0.00     3.00     0.00     0.00     0.00     0.00     0.00     0.00  
Barnsley         46   60   -6      60.00     0.00    -6.00     0.00     0.00     0.00     0.00     0.00     0.00  
Port_Vale        46   60   -7      60.00     0.00    -7.00     0.00     0.00     0.00     0.00     0.00     0.00  
West_Brom        46   60   -8      60.00     0.00    -8.00     0.00     0.00     0.00     0.00     0.00     0.00  
Tranmere         46   59   +4      59.00     0.00     4.00     0.00     0.00     0.00     0.00     0.00     0.00  
Southend         46   59   -9      59.00     0.00    -9.00     0.00     0.00     0.00     0.00     0.00     0.00  
Birmingham       46   58   -3      58.00     0.00    -3.00     0.00     0.00     0.00     0.00     0.00     0.00  
Norwich          46   57   +4      57.00     0.00     4.00     0.00     0.00     0.00     0.00     0.00     0.00  
Oldham           46   56   +4      56.00     0.00     4.00     0.00     0.00     0.00     0.00     0.00     0.00  
Reading          46   56   -9      56.00     0.00    -9.00     0.00     0.00     0.00     0.00     0.00     0.00  
Grimsby          46   56  -14      56.00     0.00   -14.00     0.00     0.00     0.00     0.00     0.00     0.00  
Wolverhampton    46   55   -6      55.00     0.00    -6.00     0.00     0.00     0.00     0.00     0.00     0.00  
Portsmouth       46   52   -8      52.00     0.00    -8.00     0.00     0.00     0.00     0.00     0.00     0.00  
Millwall         46   52  -20      52.00     0.00   -20.00     0.00     0.00     0.00     0.00   100.00R    0.00  
Watford          46   48   -8      48.00     0.00    -8.00     0.00     0.00     0.00     0.00   100.00R    0.00  
Luton            46   45  -24      45.00     0.00   -24.00     0.00     0.00     0.00     0.00   100.00R  100.00  
