ASOF         2013-06-06T22:30:01+0000
UPDATED      2013-06-06T22:30:01+0000
LASTPLAYED   2013-04-20 AFC_Telford Hereford 0 4
ITERATIONS   50000
BEGINTABLE
                  -- Current --     --------- Luck ---------   ------- Expected -------     ---------- Percentage chance -----------
Team              Pld  Pts   GD     Points   %(pts)       GD   Points  sd(pts)       GD     Top1     Top5  1+[2-5]     Bot3     Bot1
Mansfield          46   95  +40       9.78    83.10     4.59    95.00     0.00    40.00   100.00   100.00   100.00P    0.00     0.00  
Kidderminster      46   93  +42       9.25    81.82    10.14    93.00     0.00    42.00     0.00   100.00    26.41P    0.00     0.00  
Newport_County     46   85  +25      12.57    88.31    10.78    85.00     0.00    25.00     0.00   100.00    15.69P    0.00     0.00  
Grimsby            46   83  +32       2.65    59.92     6.10    83.00     0.00    32.00     0.00   100.00    27.95P    0.00     0.00  
Wrexham            46   80  +29      -4.78    31.42    -3.36    80.00     0.00    29.00     0.00   100.00    29.95P    0.00     0.00  
Hereford           46   70  +10      -4.23    34.47    -7.10    70.00     0.00    10.00     0.00     0.00     0.00     0.00     0.00  
Luton              46   67   +8      -9.93    17.14   -13.06    67.00     0.00     8.00     0.00     0.00     0.00     0.00     0.00  
Dartford           46   66   +4       4.65    67.00     7.08    66.00     0.00     4.00     0.00     0.00     0.00     0.00     0.00  
Braintree_Town     46   66   -9       7.99    78.20     0.02    66.00     0.00    -9.00     0.00     0.00     0.00     0.00     0.00  
Forest_Green       46   65  +14      -5.28    30.38     3.17    65.00     0.00    14.00     0.00     0.00     0.00     0.00     0.00  
Macclesfield       46   63   -5      -3.36    37.83    -9.78    63.00     0.00    -5.00     0.00     0.00     0.00     0.00     0.00  
Woking             46   62   -8       5.56    70.17     4.35    62.00     0.00    -8.00     0.00     0.00     0.00     0.00     0.00  
Alfreton_Town      46   60   -5       3.85    64.85     7.39    60.00     0.00    -5.00     0.00     0.00     0.00     0.00     0.00  
Cambridge_Utd      46   59   -1      -6.76    25.99    -4.95    59.00     0.00    -1.00     0.00     0.00     0.00     0.00     0.00  
Nuneaton           46   57   -8       1.99    58.18     4.17    57.00     0.00    -8.00     0.00     0.00     0.00     0.00     0.00  
Lincoln_City       46   56   -7      -4.35    34.22    -2.23    56.00     0.00    -7.00     0.00     0.00     0.00     0.00     0.00  
Gateshead          46   55   -3      -6.94    25.21    -1.20    55.00     0.00    -3.00     0.00     0.00     0.00     0.00     0.00  
Hyde_United        46   55  -12       1.25    55.25     3.60    55.00     0.00   -12.00     0.00     0.00     0.00     0.00     0.00  
Tamworth           46   55  -14       2.62    61.03     2.58    55.00     0.00   -14.00     0.00     0.00     0.00     0.00     0.00  
Southport          46   54  -14      -2.64    40.42    -1.84    54.00     0.00   -14.00     0.00     0.00     0.00     0.00     0.00  
Stockport          46   50  -19      -4.58    33.46    -4.87    50.00     0.00   -19.00     0.00     0.00     0.00     0.00     0.00  
Barrow             46   46  -38       0.83    54.53    -8.79    46.00     0.00   -38.00     0.00     0.00     0.00   100.00R    0.00  
Ebbsfleet_United   46   39  -34      -7.74    22.18    -5.26    39.00     0.00   -34.00     0.00     0.00     0.00   100.00R    0.00  
AFC_Telford        46   35  -27     -11.85    10.98    -1.54    35.00     0.00   -27.00     0.00     0.00     0.00   100.00R  100.00  
