ASOF         2013-02-23T07:14:54+0000
UPDATED      2013-02-23T07:14:54+0000
LASTPLAYED   2003-05-04 Bradford Portsmouth 0 5
ITERATIONS   2
BEGINTABLE
                -- Current --     ------- Expected -------     --------------- Percentage chance ---------------
Team            Pld  Pts   GD     Points  sd(pts)       GD     Top1     Top2     Top6  2+[3-6]     Bot3     Bot1
Portsmouth       46   98  +52      98.00     0.00    52.00   100.00   100.00   100.00   100.00P    0.00     0.00  
Leicester        46   92  +33      92.00     0.00    33.00     0.00   100.00   100.00   100.00P    0.00     0.00  
Sheff_Utd        46   80  +20      80.00     0.00    20.00     0.00     0.00   100.00    50.00P    0.00     0.00  
Reading          46   79  +15      79.00     0.00    15.00     0.00     0.00   100.00     0.00     0.00     0.00  
Wolverhampton    46   76  +37      76.00     0.00    37.00     0.00     0.00   100.00     0.00     0.00     0.00  
Nott'm_Forest    46   74  +32      74.00     0.00    32.00     0.00     0.00   100.00    50.00P    0.00     0.00  
Ipswich          46   70  +16      70.00     0.00    16.00     0.00     0.00     0.00     0.00     0.00     0.00  
Norwich          46   69  +11      69.00     0.00    11.00     0.00     0.00     0.00     0.00     0.00     0.00  
Millwall         46   66  -10      66.00     0.00   -10.00     0.00     0.00     0.00     0.00     0.00     0.00  
AFC_Wimbledon    46   65   +3      65.00     0.00     3.00     0.00     0.00     0.00     0.00     0.00     0.00  
Gillingham       46   62   -9      62.00     0.00    -9.00     0.00     0.00     0.00     0.00     0.00     0.00  
Preston          46   61   -2      61.00     0.00    -2.00     0.00     0.00     0.00     0.00     0.00     0.00  
Watford          46   60  -16      60.00     0.00   -16.00     0.00     0.00     0.00     0.00     0.00     0.00  
Crystal_Palace   46   59   +7      59.00     0.00     7.00     0.00     0.00     0.00     0.00     0.00     0.00  
Rotherham        46   59   +0      59.00     0.00     0.00     0.00     0.00     0.00     0.00     0.00     0.00  
Burnley          46   55  -24      55.00     0.00   -24.00     0.00     0.00     0.00     0.00     0.00     0.00  
Walsall          46   54  -12      54.00     0.00   -12.00     0.00     0.00     0.00     0.00     0.00     0.00  
Derby            46   52  -19      52.00     0.00   -19.00     0.00     0.00     0.00     0.00     0.00     0.00  
Bradford         46   52  -22      52.00     0.00   -22.00     0.00     0.00     0.00     0.00     0.00     0.00  
Coventry         46   50  -16      50.00     0.00   -16.00     0.00     0.00     0.00     0.00     0.00     0.00  
Stoke            46   50  -24      50.00     0.00   -24.00     0.00     0.00     0.00     0.00     0.00     0.00  
Sheff_Wed        46   46  -17      46.00     0.00   -17.00     0.00     0.00     0.00     0.00   100.00R    0.00  
Brighton         46   45  -18      45.00     0.00   -18.00     0.00     0.00     0.00     0.00   100.00R    0.00  
Grimsby          46   39  -37      39.00     0.00   -37.00     0.00     0.00     0.00     0.00   100.00R  100.00  
