ASOF         2015-06-25T21:00:01+0000
UPDATED      2015-06-25T21:00:01+0000
LASTPLAYED   2015-05-03 Barnsley Rochdale 5 0
ITERATIONS   50000
BEGINTABLE
                -- Current --     --------- Luck ---------   ------- Expected -------     --------------- Percentage chance ---------------
Team            Pld  Pts   GD     Points   %(pts)       GD   Points  sd(pts)       GD     Top1     Top2     Top6  2+[3-6]     Bot4     Bot1
Bristol_City     46   99  +58       9.91    83.71    17.68    99.00     0.00    58.00   100.00   100.00   100.00   100.00P    0.00     0.00  
MK_Dons          46   91  +57       2.61    59.41    17.50    91.00     0.00    57.00     0.00   100.00   100.00   100.00P    0.00     0.00  
Preston          46   89  +39       5.16    68.91     8.50    89.00     0.00    39.00     0.00     0.00   100.00    39.37P    0.00     0.00  
Swindon          46   79  +19       4.37    66.02     1.96    79.00     0.00    19.00     0.00     0.00   100.00    24.11P    0.00     0.00  
Sheff_Utd        46   71  +13      -0.62    47.68     0.62    71.00     0.00    13.00     0.00     0.00   100.00    21.73P    0.00     0.00  
Chesterfield     46   69  +13       1.47    55.71     6.65    69.00     0.00    13.00     0.00     0.00   100.00    14.79P    0.00     0.00  
Bradford         46   65   +0       3.96    65.04     2.69    65.00     0.00     0.00     0.00     0.00     0.00     0.00     0.00     0.00  
Rochdale         46   63   +6       0.72    52.98     8.23    63.00     0.00     6.00     0.00     0.00     0.00     0.00     0.00     0.00  
Peterborough     46   63   -3      -3.79    35.91    -8.35    63.00     0.00    -3.00     0.00     0.00     0.00     0.00     0.00     0.00  
Fleetwood_Town   46   63   -3       7.26    76.27     7.26    63.00     0.00    -3.00     0.00     0.00     0.00     0.00     0.00     0.00  
Barnsley         46   62   +1      -4.70    33.07    -4.07    62.00     0.00     1.00     0.00     0.00     0.00     0.00     0.00     0.00  
Gillingham       46   62   -1       2.67    60.51     5.59    62.00     0.00    -1.00     0.00     0.00     0.00     0.00     0.00     0.00  
Doncaster        46   61   -4      -2.29    41.81    -4.21    61.00     0.00    -4.00     0.00     0.00     0.00     0.00     0.00     0.00  
Walsall          46   59   -4      -2.46    40.72    -2.28    59.00     0.00    -4.00     0.00     0.00     0.00     0.00     0.00     0.00  
Oldham           46   57  -13       1.85    57.80    -1.19    57.00     0.00   -13.00     0.00     0.00     0.00     0.00     0.00     0.00  
Scunthorpe       46   56  -13       0.13    51.14    -0.70    56.00     0.00   -13.00     0.00     0.00     0.00     0.00     0.00     0.00  
Coventry         46   55  -11      -4.66    32.62    -5.57    55.00     0.00   -11.00     0.00     0.00     0.00     0.00     0.00     0.00  
Port_Vale        46   54  -10      -2.22    42.13     0.90    54.00     0.00   -10.00     0.00     0.00     0.00     0.00     0.00     0.00  
Colchester       46   52  -19      -1.80    43.78    -4.06    52.00     0.00   -19.00     0.00     0.00     0.00     0.00     0.00     0.00  
Crewe            46   52  -32       6.17    74.17    -4.98    52.00     0.00   -32.00     0.00     0.00     0.00     0.00     0.00     0.00  
Notts_County     46   50  -18      -5.03    31.52    -5.93    50.00     0.00   -18.00     0.00     0.00     0.00     0.00   100.00R    0.00  
Crawley_Town     46   50  -26      -1.31    45.59    -7.59    50.00     0.00   -26.00     0.00     0.00     0.00     0.00   100.00R    0.00  
Leyton_Orient    46   49  -10     -16.85     5.44   -13.71    49.00     0.00   -10.00     0.00     0.00     0.00     0.00   100.00R    0.00  
Yeovil           46   40  -39      -6.97    24.77   -14.93    40.00     0.00   -39.00     0.00     0.00     0.00     0.00   100.00R  100.00  
