ASOF         2013-02-23T07:14:57+0000
UPDATED      2013-02-23T07:14:57+0000
LASTPLAYED   2012-05-05 Bournemouth Preston 1 0
ITERATIONS   2
BEGINTABLE
               -- Current --     ------- Expected -------     --------------- Percentage chance ---------------
Team           Pld  Pts   GD     Points  sd(pts)       GD     Top1     Top2     Top6  2+[3-6]     Bot4     Bot1
Charlton        46  101  +46     101.00     0.00    46.00   100.00   100.00   100.00   100.00P    0.00     0.00  
Sheff_Wed       46   93  +33      93.00     0.00    33.00     0.00   100.00   100.00   100.00P    0.00     0.00  
Sheff_Utd       46   90  +41      90.00     0.00    41.00     0.00     0.00   100.00   100.00P    0.00     0.00  
Huddersfield    46   81  +32      81.00     0.00    32.00     0.00     0.00   100.00     0.00     0.00     0.00  
MK_Dons         46   80  +37      80.00     0.00    37.00     0.00     0.00   100.00     0.00     0.00     0.00  
Stevenage       46   73  +25      73.00     0.00    25.00     0.00     0.00   100.00     0.00     0.00     0.00  
Notts_County    46   73  +12      73.00     0.00    12.00     0.00     0.00     0.00     0.00     0.00     0.00  
Carlisle        46   69   -1      69.00     0.00    -1.00     0.00     0.00     0.00     0.00     0.00     0.00  
Brentford       46   67  +11      67.00     0.00    11.00     0.00     0.00     0.00     0.00     0.00     0.00  
Colchester      46   59   -5      59.00     0.00    -5.00     0.00     0.00     0.00     0.00     0.00     0.00  
Bournemouth     46   58   -4      58.00     0.00    -4.00     0.00     0.00     0.00     0.00     0.00     0.00  
Tranmere        46   56   -4      56.00     0.00    -4.00     0.00     0.00     0.00     0.00     0.00     0.00  
Hartlepool      46   56   -5      56.00     0.00    -5.00     0.00     0.00     0.00     0.00     0.00     0.00  
Bury            46   56  -19      56.00     0.00   -19.00     0.00     0.00     0.00     0.00     0.00     0.00  
Preston         46   54  -14      54.00     0.00   -14.00     0.00     0.00     0.00     0.00     0.00     0.00  
Oldham          46   54  -16      54.00     0.00   -16.00     0.00     0.00     0.00     0.00     0.00     0.00  
Yeovil          46   54  -21      54.00     0.00   -21.00     0.00     0.00     0.00     0.00     0.00     0.00  
Scunthorpe      46   52   -4      52.00     0.00    -4.00     0.00     0.00     0.00     0.00     0.00     0.00  
Walsall         46   50   -6      50.00     0.00    -6.00     0.00     0.00     0.00     0.00     0.00     0.00  
Leyton_Orient   46   50  -27      50.00     0.00   -27.00     0.00     0.00     0.00     0.00     0.00     0.00  
Wycombe         46   43  -23      43.00     0.00   -23.00     0.00     0.00     0.00     0.00   100.00R    0.00  
Chesterfield    46   42  -25      42.00     0.00   -25.00     0.00     0.00     0.00     0.00   100.00R    0.00  
Exeter          46   42  -29      42.00     0.00   -29.00     0.00     0.00     0.00     0.00   100.00R    0.00  
Rochdale        46   38  -34      38.00     0.00   -34.00     0.00     0.00     0.00     0.00   100.00R  100.00  
