ASOF         2013-02-23T07:14:54+0000
UPDATED      2013-02-23T07:14:54+0000
LASTPLAYED   2000-05-06 Blackpool Chesterfield 2 2
ITERATIONS   2
BEGINTABLE
                -- Current --     ------- Expected -------     --------------- Percentage chance ---------------
Team            Pld  Pts   GD     Points  sd(pts)       GD     Top1     Top2     Top6  2+[3-6]     Bot4     Bot1
Preston          46   95  +37      95.00     0.00    37.00   100.00   100.00   100.00   100.00P    0.00     0.00  
Burnley          46   88  +22      88.00     0.00    22.00     0.00   100.00   100.00   100.00P    0.00     0.00  
Gillingham       46   85  +31      85.00     0.00    31.00     0.00     0.00   100.00    50.00P    0.00     0.00  
Wigan            46   83  +34      83.00     0.00    34.00     0.00     0.00   100.00    50.00P    0.00     0.00  
Millwall         46   82  +26      82.00     0.00    26.00     0.00     0.00   100.00     0.00     0.00     0.00  
Stoke            46   82  +26      82.00     0.00    26.00     0.00     0.00   100.00     0.00     0.00     0.00  
Bristol_Rovers   46   80  +24      80.00     0.00    24.00     0.00     0.00     0.00     0.00     0.00     0.00  
Notts_County     46   65   +6      65.00     0.00     6.00     0.00     0.00     0.00     0.00     0.00     0.00  
Bristol_City     46   64   +2      64.00     0.00     2.00     0.00     0.00     0.00     0.00     0.00     0.00  
Reading          46   62   -6      62.00     0.00    -6.00     0.00     0.00     0.00     0.00     0.00     0.00  
Wrexham          46   62   -9      62.00     0.00    -9.00     0.00     0.00     0.00     0.00     0.00     0.00  
Wycombe          46   61   +3      61.00     0.00     3.00     0.00     0.00     0.00     0.00     0.00     0.00  
Luton            46   61   -4      61.00     0.00    -4.00     0.00     0.00     0.00     0.00     0.00     0.00  
Oldham           46   60   -5      60.00     0.00    -5.00     0.00     0.00     0.00     0.00     0.00     0.00  
Bury             46   57   -3      57.00     0.00    -3.00     0.00     0.00     0.00     0.00     0.00     0.00  
Bournemouth      46   57   -3      57.00     0.00    -3.00     0.00     0.00     0.00     0.00     0.00     0.00  
Brentford        46   52  -14      52.00     0.00   -14.00     0.00     0.00     0.00     0.00     0.00     0.00  
Colchester       46   52  -23      52.00     0.00   -23.00     0.00     0.00     0.00     0.00     0.00     0.00  
Cambridge_Utd    46   48   -1      48.00     0.00    -1.00     0.00     0.00     0.00     0.00     0.00     0.00  
Oxford_Utd       46   45  -30      45.00     0.00   -30.00     0.00     0.00     0.00     0.00     0.00     0.00  
Cardiff          46   44  -22      44.00     0.00   -22.00     0.00     0.00     0.00     0.00   100.00R    0.00  
Blackpool        46   41  -28      41.00     0.00   -28.00     0.00     0.00     0.00     0.00   100.00R    0.00  
Scunthorpe       46   39  -34      39.00     0.00   -34.00     0.00     0.00     0.00     0.00   100.00R    0.00  
Chesterfield     46   36  -29      36.00     0.00   -29.00     0.00     0.00     0.00     0.00   100.00R  100.00  
