ASOF         2013-02-23T07:14:54+0000
UPDATED      2013-02-23T07:14:54+0000
LASTPLAYED   2002-04-20 Brentford Reading 1 1
ITERATIONS   2
BEGINTABLE
               -- Current --     ------- Expected -------     --------------- Percentage chance ---------------
Team           Pld  Pts   GD     Points  sd(pts)       GD     Top1     Top2     Top6  2+[3-6]     Bot4     Bot1
Brighton        46   90  +24      90.00     0.00    24.00   100.00   100.00   100.00   100.00P    0.00     0.00  
Reading         46   84  +27      84.00     0.00    27.00     0.00   100.00   100.00   100.00P    0.00     0.00  
Brentford       46   83  +34      83.00     0.00    34.00     0.00     0.00   100.00     0.00     0.00     0.00  
Cardiff         46   83  +25      83.00     0.00    25.00     0.00     0.00   100.00     0.00     0.00     0.00  
Stoke           46   80  +27      80.00     0.00    27.00     0.00     0.00   100.00    50.00P    0.00     0.00  
Huddersfield    46   78  +18      78.00     0.00    18.00     0.00     0.00   100.00    50.00P    0.00     0.00  
Bristol_City    46   73  +15      73.00     0.00    15.00     0.00     0.00     0.00     0.00     0.00     0.00  
QPR             46   71  +11      71.00     0.00    11.00     0.00     0.00     0.00     0.00     0.00     0.00  
Oldham          46   70  +12      70.00     0.00    12.00     0.00     0.00     0.00     0.00     0.00     0.00  
Wigan           46   64  +15      64.00     0.00    15.00     0.00     0.00     0.00     0.00     0.00     0.00  
Wycombe         46   64   -6      64.00     0.00    -6.00     0.00     0.00     0.00     0.00     0.00     0.00  
Tranmere        46   63   +3      63.00     0.00     3.00     0.00     0.00     0.00     0.00     0.00     0.00  
Swindon         46   59  -10      59.00     0.00   -10.00     0.00     0.00     0.00     0.00     0.00     0.00  
Port_Vale       46   58  -11      58.00     0.00   -11.00     0.00     0.00     0.00     0.00     0.00     0.00  
Colchester      46   57  -11      57.00     0.00   -11.00     0.00     0.00     0.00     0.00     0.00     0.00  
Blackpool       46   56   -3      56.00     0.00    -3.00     0.00     0.00     0.00     0.00     0.00     0.00  
Peterborough    46   55   +5      55.00     0.00     5.00     0.00     0.00     0.00     0.00     0.00     0.00  
Chesterfield    46   52  -12      52.00     0.00   -12.00     0.00     0.00     0.00     0.00     0.00     0.00  
Notts_County    46   50  -12      50.00     0.00   -12.00     0.00     0.00     0.00     0.00     0.00     0.00  
Northampton     46   49  -25      49.00     0.00   -25.00     0.00     0.00     0.00     0.00     0.00     0.00  
Bournemouth     46   44  -15      44.00     0.00   -15.00     0.00     0.00     0.00     0.00   100.00R    0.00  
Bury            46   44  -32      44.00     0.00   -32.00     0.00     0.00     0.00     0.00   100.00R    0.00  
Wrexham         46   43  -33      43.00     0.00   -33.00     0.00     0.00     0.00     0.00   100.00R    0.00  
Cambridge_Utd   46   34  -46      34.00     0.00   -46.00     0.00     0.00     0.00     0.00   100.00R  100.00  
