ASOF         2013-02-23T07:14:56+0000
UPDATED      2013-02-23T07:14:56+0000
LASTPLAYED   2007-08-11 Cheltenham Gillingham 1 0
ITERATIONS   2
BEGINTABLE
                -- Current --     ------- Expected -------     --------------- Percentage chance ---------------
Team            Pld  Pts   GD     Points  sd(pts)       GD     Top1     Top2     Top6  2+[3-6]     Bot4     Bot1
Swansea          46   92  +40      92.00     0.00    40.00   100.00   100.00   100.00   100.00P    0.00     0.00  
Nott'm_Forest    46   82  +32      82.00     0.00    32.00     0.00   100.00   100.00   100.00P    0.00     0.00  
Doncaster        46   80  +24      80.00     0.00    24.00     0.00     0.00   100.00    50.00P    0.00     0.00  
Carlisle         46   80  +18      80.00     0.00    18.00     0.00     0.00   100.00     0.00     0.00     0.00  
Leeds_United     46   76  +34      76.00     0.00    34.00     0.00     0.00   100.00     0.00     0.00     0.00  
Southend         46   76  +15      76.00     0.00    15.00     0.00     0.00   100.00    50.00P    0.00     0.00  
Brighton         46   69   +8      69.00     0.00     8.00     0.00     0.00     0.00     0.00     0.00     0.00  
Oldham           46   67  +12      67.00     0.00    12.00     0.00     0.00     0.00     0.00     0.00     0.00  
Northampton      46   66   +5      66.00     0.00     5.00     0.00     0.00     0.00     0.00     0.00     0.00  
Huddersfield     46   66  -12      66.00     0.00   -12.00     0.00     0.00     0.00     0.00     0.00     0.00  
Tranmere         46   65   +5      65.00     0.00     5.00     0.00     0.00     0.00     0.00     0.00     0.00  
Walsall          46   64   +6      64.00     0.00     6.00     0.00     0.00     0.00     0.00     0.00     0.00  
Swindon          46   61   +7      61.00     0.00     7.00     0.00     0.00     0.00     0.00     0.00     0.00  
Leyton_Orient    46   60  -14      60.00     0.00   -14.00     0.00     0.00     0.00     0.00     0.00     0.00  
Hartlepool       46   54   -3      54.00     0.00    -3.00     0.00     0.00     0.00     0.00     0.00     0.00  
Bristol_Rovers   46   53   -8      53.00     0.00    -8.00     0.00     0.00     0.00     0.00     0.00     0.00  
Millwall         46   52  -15      52.00     0.00   -15.00     0.00     0.00     0.00     0.00     0.00     0.00  
Yeovil           46   52  -21      52.00     0.00   -21.00     0.00     0.00     0.00     0.00     0.00     0.00  
Cheltenham       46   51  -22      51.00     0.00   -22.00     0.00     0.00     0.00     0.00     0.00     0.00  
Crewe            46   50  -18      50.00     0.00   -18.00     0.00     0.00     0.00     0.00     0.00     0.00  
Bournemouth      46   48  -10      48.00     0.00   -10.00     0.00     0.00     0.00     0.00   100.00R    0.00  
Gillingham       46   46  -29      46.00     0.00   -29.00     0.00     0.00     0.00     0.00   100.00R    0.00  
Port_Vale        46   38  -34      38.00     0.00   -34.00     0.00     0.00     0.00     0.00   100.00R    0.00  
Luton            46   33  -20      33.00     0.00   -20.00     0.00     0.00     0.00     0.00   100.00R  100.00  

Adjustments:
Leeds_United     -15
Luton            -10
Bournemouth      -10
