ASOF         2014-05-27T11:06:27+0000
UPDATED      2014-05-27T11:06:27+0000
LASTPLAYED   2014-05-03 Barnsley QPR 2 3
ITERATIONS   20000
BEGINTABLE
               -- Current --     --------- Luck ---------   ------- Expected -------     --------------- Percentage chance ---------------
Team           Pld  Pts   GD     Points   %(pts)       GD   Points  sd(pts)       GD     Top1     Top2     Top6  2+[3-6]     Bot3     Bot1
Leicester       46  102  +40      17.73    96.17     7.95   102.00     0.00    40.00   100.00   100.00   100.00   100.00P    0.00     0.00  
Burnley         46   93  +35      15.10    92.98    13.26    93.00     0.00    35.00     0.00   100.00   100.00   100.00P    0.00     0.00  
Derby           46   85  +32       9.13    80.58    12.72    85.00     0.00    32.00     0.00     0.00   100.00    25.36P    0.00     0.00  
QPR             46   80  +16       6.02    72.00     0.12    80.00     0.00    16.00     0.00     0.00   100.00    25.95P    0.00     0.00  
Wigan           46   73  +13      -1.08    45.40    -3.35    73.00     0.00    13.00     0.00     0.00   100.00    24.59P    0.00     0.00  
Brighton        46   72  +15      -0.49    48.58     1.30    72.00     0.00    15.00     0.00     0.00   100.00    24.10P    0.00     0.00  
Reading         46   71  +14      -3.00    38.87    -2.38    71.00     0.00    14.00     0.00     0.00     0.00     0.00     0.00     0.00  
Blackburn       46   70   +8       2.37    58.95     1.31    70.00     0.00     8.00     0.00     0.00     0.00     0.00     0.00     0.00  
Ipswich         46   68   +6       4.92    68.70     5.79    68.00     0.00     6.00     0.00     0.00     0.00     0.00     0.00     0.00  
Bournemouth     46   66   +1       6.81    74.52     7.61    66.00     0.00     1.00     0.00     0.00     0.00     0.00     0.00     0.00  
Nott'm_Forest   46   65   +3       0.38    51.87     0.86    65.00     0.00     3.00     0.00     0.00     0.00     0.00     0.00     0.00  
Middlesbrough   46   64  +12      -2.99    38.59     6.11    64.00     0.00    12.00     0.00     0.00     0.00     0.00     0.00     0.00  
Watford         46   60  +10     -10.80    15.34    -1.52    60.00     0.00    10.00     0.00     0.00     0.00     0.00     0.00     0.00  
Bolton          46   59   -1      -6.94    25.36    -5.23    59.00     0.00    -1.00     0.00     0.00     0.00     0.00     0.00     0.00  
Leeds_United    46   57   -8      -1.79    43.71    -1.18    57.00     0.00    -8.00     0.00     0.00     0.00     0.00     0.00     0.00  
Sheff_Wed       46   53   -2      -6.76    25.60     3.17    53.00     0.00    -2.00     0.00     0.00     0.00     0.00     0.00     0.00  
Huddersfield    46   53   -7      -3.36    37.36     3.34    53.00     0.00    -7.00     0.00     0.00     0.00     0.00     0.00     0.00  
Charlton        46   51  -20      -4.41    33.55    -9.55    51.00     0.00   -20.00     0.00     0.00     0.00     0.00     0.00     0.00  
Millwall        46   48  -28      -2.01    42.65    -8.60    48.00     0.00   -28.00     0.00     0.00     0.00     0.00     0.00     0.00  
Blackpool       46   46  -28      -7.20    23.65   -13.69    46.00     0.00   -28.00     0.00     0.00     0.00     0.00     0.00     0.00  
Birmingham      46   44  -16     -14.83     7.23    -8.91    44.00     0.00   -16.00     0.00     0.00     0.00     0.00     0.00     0.00  
Doncaster       46   44  -31      -0.27    50.02    -3.35    44.00     0.00   -31.00     0.00     0.00     0.00     0.00   100.00R    0.00  
Barnsley        46   39  -33      -7.18    22.97    -6.84    39.00     0.00   -33.00     0.00     0.00     0.00     0.00   100.00R    0.00  
Yeovil          46   37  -31      -5.87    27.61     1.07    37.00     0.00   -31.00     0.00     0.00     0.00     0.00   100.00R  100.00  
