ASOF         2013-02-23T07:14:56+0000
UPDATED      2013-02-23T07:14:56+0000
LASTPLAYED   2009-08-08 AFC_Wimbledon Luton 1 1
ITERATIONS   2
BEGINTABLE
                  -- Current --     ------- Expected -------     ---------- Percentage chance -----------
Team              Pld  Pts   GD     Points  sd(pts)       GD     Top1     Top5  1+[2-5]     Bot3     Bot1
Stevenage          44   99  +55      99.00     0.00    55.00   100.00   100.00   100.00P    0.00     0.00  
Luton              44   88  +44      88.00     0.00    44.00     0.00   100.00     0.00     0.00     0.00  
Oxford_Utd         44   86  +33      86.00     0.00    33.00     0.00   100.00     0.00     0.00     0.00  
Rushden_&_D'mnds   44   79  +38      79.00     0.00    38.00     0.00   100.00    50.00P    0.00     0.00  
York               44   78  +27      78.00     0.00    27.00     0.00   100.00    50.00P    0.00     0.00  
Kettering          44   66  +10      66.00     0.00    10.00     0.00     0.00     0.00     0.00     0.00  
Crawley_Town       44   66   -7      66.00     0.00    -7.00     0.00     0.00     0.00     0.00     0.00  
AFC_Wimbledon      44   64  +14      64.00     0.00    14.00     0.00     0.00     0.00     0.00     0.00  
Mansfield          44   62   +9      62.00     0.00     9.00     0.00     0.00     0.00     0.00     0.00  
Cambridge_Utd      44   59  +12      59.00     0.00    12.00     0.00     0.00     0.00     0.00     0.00  
Wrexham            44   58   +6      58.00     0.00     6.00     0.00     0.00     0.00     0.00     0.00  
Salisbury          44   58   -5      58.00     0.00    -5.00     0.00     0.00     0.00     0.00     0.00  
Kidderminster      44   57   +5      57.00     0.00     5.00     0.00     0.00     0.00     0.00     0.00  
Altrincham         44   54   +2      54.00     0.00     2.00     0.00     0.00     0.00     0.00     0.00  
Barrow             44   52  -17      52.00     0.00   -17.00     0.00     0.00     0.00     0.00     0.00  
Tamworth           44   49  -10      49.00     0.00   -10.00     0.00     0.00     0.00     0.00     0.00  
Hayes_&_Yeading    44   48  -26      48.00     0.00   -26.00     0.00     0.00     0.00     0.00     0.00  
Histon             44   46  -23      46.00     0.00   -23.00     0.00     0.00     0.00     0.00     0.00  
Eastbourne_Boro    44   46  -30      46.00     0.00   -30.00     0.00     0.00     0.00     0.00     0.00  
Gateshead          44   45  -23      45.00     0.00   -23.00     0.00     0.00     0.00     0.00     0.00  
Forest_Green       44   45  -26      45.00     0.00   -26.00     0.00     0.00     0.00   100.00R    0.00  
Ebbsfleet_United   44   44  -32      44.00     0.00   -32.00     0.00     0.00     0.00   100.00R    0.00  
Grays_Athletic     44   28  -56      28.00     0.00   -56.00     0.00     0.00     0.00   100.00R  100.00  

Adjustments:
Salisbury          -10
Gateshead          -1
