ASOF         2013-02-23T07:14:53+0000
UPDATED      2013-02-23T07:14:53+0000
LASTPLAYED   1998-05-03 Birmingham Charlton 0 0
ITERATIONS   2
BEGINTABLE
               -- Current --     ------- Expected -------     --------------- Percentage chance ---------------
Team           Pld  Pts   GD     Points  sd(pts)       GD     Top1     Top2     Top6  2+[3-6]     Bot3     Bot1
Nott'm_Forest   46   94  +40      94.00     0.00    40.00   100.00   100.00   100.00   100.00P    0.00     0.00  
Middlesbrough   46   91  +36      91.00     0.00    36.00     0.00   100.00   100.00   100.00P    0.00     0.00  
Sunderland      46   90  +36      90.00     0.00    36.00     0.00     0.00   100.00     0.00     0.00     0.00  
Charlton        46   88  +31      88.00     0.00    31.00     0.00     0.00   100.00     0.00     0.00     0.00  
Ipswich         46   83  +34      83.00     0.00    34.00     0.00     0.00   100.00    50.00P    0.00     0.00  
Birmingham      46   74  +25      74.00     0.00    25.00     0.00     0.00   100.00    50.00P    0.00     0.00  
Sheff_Utd       46   74  +15      74.00     0.00    15.00     0.00     0.00     0.00     0.00     0.00     0.00  
Wolverhampton   46   65   +4      65.00     0.00     4.00     0.00     0.00     0.00     0.00     0.00     0.00  
Stockport       46   65   +2      65.00     0.00     2.00     0.00     0.00     0.00     0.00     0.00     0.00  
West_Brom       46   61   -6      61.00     0.00    -6.00     0.00     0.00     0.00     0.00     0.00     0.00  
Crewe           46   59   -7      59.00     0.00    -7.00     0.00     0.00     0.00     0.00     0.00     0.00  
Oxford_Utd      46   58   -4      58.00     0.00    -4.00     0.00     0.00     0.00     0.00     0.00     0.00  
Bradford        46   57  -13      57.00     0.00   -13.00     0.00     0.00     0.00     0.00     0.00     0.00  
Tranmere        46   56   -3      56.00     0.00    -3.00     0.00     0.00     0.00     0.00     0.00     0.00  
Norwich         46   55  -17      55.00     0.00   -17.00     0.00     0.00     0.00     0.00     0.00     0.00  
Huddersfield    46   53  -22      53.00     0.00   -22.00     0.00     0.00     0.00     0.00     0.00     0.00  
Bury            46   52  -16      52.00     0.00   -16.00     0.00     0.00     0.00     0.00     0.00     0.00  
Swindon         46   52  -31      52.00     0.00   -31.00     0.00     0.00     0.00     0.00     0.00     0.00  
Port_Vale       46   49  -10      49.00     0.00   -10.00     0.00     0.00     0.00     0.00     0.00     0.00  
Portsmouth      46   49  -12      49.00     0.00   -12.00     0.00     0.00     0.00     0.00     0.00     0.00  
QPR             46   49  -12      49.00     0.00   -12.00     0.00     0.00     0.00     0.00     0.00     0.00  
Man_City        46   48   -1      48.00     0.00    -1.00     0.00     0.00     0.00     0.00   100.00R    0.00  
Stoke           46   46  -30      46.00     0.00   -30.00     0.00     0.00     0.00     0.00   100.00R    0.00  
Reading         46   42  -39      42.00     0.00   -39.00     0.00     0.00     0.00     0.00   100.00R  100.00  
