ASOF         2013-02-23T07:14:53+0000
UPDATED      2013-02-23T07:14:53+0000
LASTPLAYED   1995-05-06 Bury Darlington 2 1
ITERATIONS   2
BEGINTABLE
              -- Current --     ------- Expected -------     --------------- Percentage chance ---------------
Team          Pld  Pts   GD     Points  sd(pts)       GD     Top1     Top3     Top7  3+[4-7]     Bot2     Bot1
Carlisle       42   91  +37      91.00     0.00    37.00   100.00   100.00   100.00   100.00P    0.00     0.00  
Walsall        42   85  +37      85.00     0.00    37.00     0.00   100.00   100.00   100.00P    0.00     0.00  
Chesterfield   42   81  +25      81.00     0.00    25.00     0.00   100.00   100.00   100.00P    0.00     0.00  
Bury           42   79  +35      79.00     0.00    35.00     0.00     0.00   100.00    50.00P    0.00     0.00  
Mansfield      42   65  +25      65.00     0.00    25.00     0.00     0.00   100.00    50.00P    0.00     0.00  
Preston        42   64  +13      64.00     0.00    13.00     0.00     0.00   100.00     0.00     0.00     0.00  
Fulham         42   62   +6      62.00     0.00     6.00     0.00     0.00   100.00     0.00     0.00     0.00  
Scunthorpe     42   62   +5      62.00     0.00     5.00     0.00     0.00     0.00     0.00     0.00     0.00  
Doncaster      42   61  +15      61.00     0.00    15.00     0.00     0.00     0.00     0.00     0.00     0.00  
Colchester     42   58   -8      58.00     0.00    -8.00     0.00     0.00     0.00     0.00     0.00     0.00  
Lincoln_City   42   56   -2      56.00     0.00    -2.00     0.00     0.00     0.00     0.00     0.00     0.00  
Barnet         42   56   -7      56.00     0.00    -7.00     0.00     0.00     0.00     0.00     0.00     0.00  
Torquay        42   55   -3      55.00     0.00    -3.00     0.00     0.00     0.00     0.00     0.00     0.00  
Wigan          42   52   -7      52.00     0.00    -7.00     0.00     0.00     0.00     0.00     0.00     0.00  
Hereford       42   52  -13      52.00     0.00   -13.00     0.00     0.00     0.00     0.00     0.00     0.00  
Rochdale       42   50  -23      50.00     0.00   -23.00     0.00     0.00     0.00     0.00     0.00     0.00  
Northampton    42   44  -22      44.00     0.00   -22.00     0.00     0.00     0.00     0.00     0.00     0.00  
Hartlepool     42   43  -26      43.00     0.00   -26.00     0.00     0.00     0.00     0.00     0.00     0.00  
Darlington     42   41  -14      41.00     0.00   -14.00     0.00     0.00     0.00     0.00     0.00     0.00  
Gillingham     42   41  -18      41.00     0.00   -18.00     0.00     0.00     0.00     0.00     0.00     0.00  
Scarborough    42   34  -21      34.00     0.00   -21.00     0.00     0.00     0.00     0.00   100.00R    0.00  
Exeter         42   34  -34      34.00     0.00   -34.00     0.00     0.00     0.00     0.00   100.00R  100.00  
