ASOF         2013-02-23T07:14:56+0000
UPDATED      2013-02-23T07:14:56+0000
LASTPLAYED   2009-05-03 Burnley Bristol_City 4 0
ITERATIONS   2
BEGINTABLE
                -- Current --     ------- Expected -------     --------------- Percentage chance ---------------
Team            Pld  Pts   GD     Points  sd(pts)       GD     Top1     Top2     Top6  2+[3-6]     Bot3     Bot1
Wolverhampton    46   90  +28      90.00     0.00    28.00   100.00   100.00   100.00   100.00P    0.00     0.00  
Birmingham       46   83  +17      83.00     0.00    17.00     0.00   100.00   100.00   100.00P    0.00     0.00  
Sheff_Utd        46   80  +25      80.00     0.00    25.00     0.00     0.00   100.00   100.00P    0.00     0.00  
Reading          46   77  +32      77.00     0.00    32.00     0.00     0.00   100.00     0.00     0.00     0.00  
Burnley          46   76  +12      76.00     0.00    12.00     0.00     0.00   100.00     0.00     0.00     0.00  
Preston          46   74  +12      74.00     0.00    12.00     0.00     0.00   100.00     0.00     0.00     0.00  
Cardiff          46   74  +12      74.00     0.00    12.00     0.00     0.00     0.00     0.00     0.00     0.00  
Swansea          46   68  +13      68.00     0.00    13.00     0.00     0.00     0.00     0.00     0.00     0.00  
Ipswich          46   66   +9      66.00     0.00     9.00     0.00     0.00     0.00     0.00     0.00     0.00  
Bristol_City     46   61   +0      61.00     0.00     0.00     0.00     0.00     0.00     0.00     0.00     0.00  
QPR              46   61   -2      61.00     0.00    -2.00     0.00     0.00     0.00     0.00     0.00     0.00  
Sheff_Wed        46   61   -7      61.00     0.00    -7.00     0.00     0.00     0.00     0.00     0.00     0.00  
Watford          46   58   -4      58.00     0.00    -4.00     0.00     0.00     0.00     0.00     0.00     0.00  
Doncaster        46   58  -11      58.00     0.00   -11.00     0.00     0.00     0.00     0.00     0.00     0.00  
Crystal_Palace   46   57   -3      57.00     0.00    -3.00     0.00     0.00     0.00     0.00     0.00     0.00  
Blackpool        46   56  -11      56.00     0.00   -11.00     0.00     0.00     0.00     0.00     0.00     0.00  
Coventry         46   54  -11      54.00     0.00   -11.00     0.00     0.00     0.00     0.00     0.00     0.00  
Derby            46   54  -12      54.00     0.00   -12.00     0.00     0.00     0.00     0.00     0.00     0.00  
Nott'm_Forest    46   53  -15      53.00     0.00   -15.00     0.00     0.00     0.00     0.00     0.00     0.00  
Barnsley         46   52  -13      52.00     0.00   -13.00     0.00     0.00     0.00     0.00     0.00     0.00  
Plymouth         46   51  -13      51.00     0.00   -13.00     0.00     0.00     0.00     0.00     0.00     0.00  
Norwich          46   46  -13      46.00     0.00   -13.00     0.00     0.00     0.00     0.00   100.00R    0.00  
Charlton         46   39  -22      39.00     0.00   -22.00     0.00     0.00     0.00     0.00   100.00R    0.00  
Southampton      46   35  -23      35.00     0.00   -23.00     0.00     0.00     0.00     0.00   100.00R  100.00  

Adjustments:
Southampton      -10
