ASOF         2013-02-23T07:14:53+0000
UPDATED      2013-02-23T07:14:53+0000
LASTPLAYED   1997-05-11 Aston_Villa Southampton 1 0
ITERATIONS   2
BEGINTABLE
               -- Current --     ------- Expected -------     ------------------- Percentage chance --------------------
Team           Pld  Pts   GD     Points  sd(pts)       GD     Top1     Top2     Top3     Top4     Top6     Bot3     Bot1
Man_Utd         38   75  +32      75.00     0.00    32.00   100.00   100.00   100.00   100.00   100.00     0.00     0.00  
Newcastle       38   68  +33      68.00     0.00    33.00     0.00   100.00   100.00   100.00   100.00     0.00     0.00  
Arsenal         38   68  +30      68.00     0.00    30.00     0.00     0.00   100.00   100.00   100.00     0.00     0.00  
Liverpool       38   68  +25      68.00     0.00    25.00     0.00     0.00     0.00   100.00   100.00     0.00     0.00  
Aston_Villa     38   61  +13      61.00     0.00    13.00     0.00     0.00     0.00     0.00   100.00     0.00     0.00  
Chelsea         38   59   +3      59.00     0.00     3.00     0.00     0.00     0.00     0.00   100.00     0.00     0.00  
Sheff_Wed       38   57   -1      57.00     0.00    -1.00     0.00     0.00     0.00     0.00     0.00     0.00     0.00  
AFC_Wimbledon   38   56   +3      56.00     0.00     3.00     0.00     0.00     0.00     0.00     0.00     0.00     0.00  
Leicester       38   47   -8      47.00     0.00    -8.00     0.00     0.00     0.00     0.00     0.00     0.00     0.00  
Tottenham       38   46   -7      46.00     0.00    -7.00     0.00     0.00     0.00     0.00     0.00     0.00     0.00  
Leeds_United    38   46  -10      46.00     0.00   -10.00     0.00     0.00     0.00     0.00     0.00     0.00     0.00  
Derby           38   46  -13      46.00     0.00   -13.00     0.00     0.00     0.00     0.00     0.00     0.00     0.00  
Blackburn       38   42   -1      42.00     0.00    -1.00     0.00     0.00     0.00     0.00     0.00     0.00     0.00  
Middlesbrough   38   42   -9      42.00     0.00    -9.00     0.00     0.00     0.00     0.00     0.00     0.00     0.00  
West_Ham        38   42   -9      42.00     0.00    -9.00     0.00     0.00     0.00     0.00     0.00     0.00     0.00  
Everton         38   42  -13      42.00     0.00   -13.00     0.00     0.00     0.00     0.00     0.00     0.00     0.00  
Southampton     38   41   -6      41.00     0.00    -6.00     0.00     0.00     0.00     0.00     0.00     0.00     0.00  
Coventry        38   41  -16      41.00     0.00   -16.00     0.00     0.00     0.00     0.00     0.00   100.00R    0.00  
Sunderland      38   40  -18      40.00     0.00   -18.00     0.00     0.00     0.00     0.00     0.00   100.00R    0.00  
Nott'm_Forest   38   34  -28      34.00     0.00   -28.00     0.00     0.00     0.00     0.00     0.00   100.00R  100.00  
