ASOF         2013-02-23T07:14:54+0000
UPDATED      2013-02-23T07:14:54+0000
LASTPLAYED   2001-05-05 Brentford Bury 3 1
ITERATIONS   2
BEGINTABLE
                -- Current --     ------- Expected -------     --------------- Percentage chance ---------------
Team            Pld  Pts   GD     Points  sd(pts)       GD     Top1     Top2     Top6  2+[3-6]     Bot4     Bot1
Millwall         46   93  +51      93.00     0.00    51.00   100.00   100.00   100.00   100.00P    0.00     0.00  
Rotherham        46   91  +24      91.00     0.00    24.00     0.00   100.00   100.00   100.00P    0.00     0.00  
Reading          46   86  +34      86.00     0.00    34.00     0.00     0.00   100.00    50.00P    0.00     0.00  
Walsall          46   81  +29      81.00     0.00    29.00     0.00     0.00   100.00     0.00     0.00     0.00  
Stoke            46   77  +25      77.00     0.00    25.00     0.00     0.00   100.00     0.00     0.00     0.00  
Wigan            46   75  +11      75.00     0.00    11.00     0.00     0.00   100.00    50.00P    0.00     0.00  
Bournemouth      46   73  +24      73.00     0.00    24.00     0.00     0.00     0.00     0.00     0.00     0.00  
Notts_County     46   69   -4      69.00     0.00    -4.00     0.00     0.00     0.00     0.00     0.00     0.00  
Bristol_City     46   68  +14      68.00     0.00    14.00     0.00     0.00     0.00     0.00     0.00     0.00  
Wrexham          46   63   -6      63.00     0.00    -6.00     0.00     0.00     0.00     0.00     0.00     0.00  
Port_Vale        46   62   +6      62.00     0.00     6.00     0.00     0.00     0.00     0.00     0.00     0.00  
Peterborough     46   59   -5      59.00     0.00    -5.00     0.00     0.00     0.00     0.00     0.00     0.00  
Wycombe          46   59   -7      59.00     0.00    -7.00     0.00     0.00     0.00     0.00     0.00     0.00  
Brentford        46   59  -14      59.00     0.00   -14.00     0.00     0.00     0.00     0.00     0.00     0.00  
Oldham           46   58  -12      58.00     0.00   -12.00     0.00     0.00     0.00     0.00     0.00     0.00  
Bury             46   58  -14      58.00     0.00   -14.00     0.00     0.00     0.00     0.00     0.00     0.00  
Colchester       46   57   -4      57.00     0.00    -4.00     0.00     0.00     0.00     0.00     0.00     0.00  
Northampton      46   57  -13      57.00     0.00   -13.00     0.00     0.00     0.00     0.00     0.00     0.00  
Cambridge_Utd    46   53  -16      53.00     0.00   -16.00     0.00     0.00     0.00     0.00     0.00     0.00  
Swindon          46   52  -18      52.00     0.00   -18.00     0.00     0.00     0.00     0.00     0.00     0.00  
Bristol_Rovers   46   51   -4      51.00     0.00    -4.00     0.00     0.00     0.00     0.00   100.00R    0.00  
Luton            46   40  -28      40.00     0.00   -28.00     0.00     0.00     0.00     0.00   100.00R    0.00  
Swansea          46   37  -26      37.00     0.00   -26.00     0.00     0.00     0.00     0.00   100.00R    0.00  
Oxford_Utd       46   27  -47      27.00     0.00   -47.00     0.00     0.00     0.00     0.00   100.00R  100.00  
