ASOF         2016-07-01T21:00:01+0000
UPDATED      2016-07-01T21:00:01+0000
LASTPLAYED   2016-05-07 Blackburn Reading 3 1
ITERATIONS   50000
BEGINTABLE
               -- Current --     --------- Luck ---------   ------- Expected -------     --------------- Percentage chance ---------------
Team           Pld  Pts   GD     Points   %(pts)       GD   Points  sd(pts)       GD     Top1     Top2     Top6  2+[3-6]     Bot3     Bot1
Burnley         46   93  +37       9.91    83.48     7.72    93.00     0.00    37.00   100.00   100.00   100.00   100.00P    0.00     0.00  
Middlesbrough   46   89  +32       8.22    79.49     6.52    89.00     0.00    32.00     0.00   100.00   100.00   100.00P    0.00     0.00  
Brighton        46   89  +30      14.44    92.53    12.92    89.00     0.00    30.00     0.00     0.00   100.00    25.57P    0.00     0.00  
Hull            46   83  +34      -0.18    48.83     4.82    83.00     0.00    34.00     0.00     0.00   100.00    34.57P    0.00     0.00  
Derby           46   78  +23       0.40    51.20     1.05    78.00     0.00    23.00     0.00     0.00   100.00    22.08P    0.00     0.00  
Sheff_Wed       46   74  +21       5.12    69.24    11.86    74.00     0.00    21.00     0.00     0.00   100.00    17.79P    0.00     0.00  
Ipswich         46   69   +2       3.08    61.97    -2.84    69.00     0.00     2.00     0.00     0.00     0.00     0.00     0.00     0.00  
Cardiff         46   68   +5       3.65    64.16     2.34    68.00     0.00     5.00     0.00     0.00     0.00     0.00     0.00     0.00  
Brentford       46   65   +5      -2.08    42.37    -1.10    65.00     0.00     5.00     0.00     0.00     0.00     0.00     0.00     0.00  
Birmingham      46   63   +4       1.59    56.44     5.54    63.00     0.00     4.00     0.00     0.00     0.00     0.00     0.00     0.00  
Preston         46   62   +0       1.29    55.30     1.84    62.00     0.00     0.00     0.00     0.00     0.00     0.00     0.00     0.00  
QPR             46   60   +0      -5.67    29.62    -4.44    60.00     0.00     0.00     0.00     0.00     0.00     0.00     0.00     0.00  
Leeds_United    46   59   -8       2.54    60.67     0.80    59.00     0.00    -8.00     0.00     0.00     0.00     0.00     0.00     0.00  
Wolverhampton   46   58   -5      -5.87    28.43    -6.73    58.00     0.00    -5.00     0.00     0.00     0.00     0.00     0.00     0.00  
Blackburn       46   55   +0      -8.76    19.21    -2.03    55.00     0.00     0.00     0.00     0.00     0.00     0.00     0.00     0.00  
Nott'm_Forest   46   55   -4      -6.02    27.74    -2.11    55.00     0.00    -4.00     0.00     0.00     0.00     0.00     0.00     0.00  
Reading         46   52   -7      -5.70    28.84     0.22    52.00     0.00    -7.00     0.00     0.00     0.00     0.00     0.00     0.00  
Bristol_City    46   52  -17      -3.08    38.79    -4.73    52.00     0.00   -17.00     0.00     0.00     0.00     0.00     0.00     0.00  
Huddersfield    46   51  -11      -3.76    35.91     1.95    51.00     0.00   -11.00     0.00     0.00     0.00     0.00     0.00     0.00  
Fulham          46   51  -13      -5.34    30.84    -1.29    51.00     0.00   -13.00     0.00     0.00     0.00     0.00     0.00     0.00  
Rotherham       46   49  -18      -0.68    48.09     2.13    49.00     0.00   -18.00     0.00     0.00     0.00     0.00     0.00     0.00  
Charlton        46   40  -40      -4.53    32.40   -12.55    40.00     0.00   -40.00     0.00     0.00     0.00     0.00   100.00R    0.00  
MK_Dons         46   39  -30      -9.52    16.67    -8.77    39.00     0.00   -30.00     0.00     0.00     0.00     0.00   100.00R    0.00  
Bolton          46   30  -40     -15.45     5.00   -13.14    30.00     0.00   -40.00     0.00     0.00     0.00     0.00   100.00R  100.00  
