ASOF         2013-02-23T07:14:54+0000
UPDATED      2013-02-23T07:14:54+0000
LASTPLAYED   2000-05-06 Brighton Carlisle 1 0
ITERATIONS   2
BEGINTABLE
               -- Current --     ------- Expected -------     --------------- Percentage chance ---------------
Team           Pld  Pts   GD     Points  sd(pts)       GD     Top1     Top3     Top7  3+[4-7]     Bot2     Bot1
Swansea         46   85  +21      85.00     0.00    21.00   100.00   100.00   100.00   100.00P    0.00     0.00  
Rotherham       46   84  +36      84.00     0.00    36.00     0.00   100.00   100.00   100.00P    0.00     0.00  
Northampton     46   82  +18      82.00     0.00    18.00     0.00   100.00   100.00   100.00P    0.00     0.00  
Darlington      46   79  +30      79.00     0.00    30.00     0.00     0.00   100.00    50.00P    0.00     0.00  
Peterborough    46   78   +9      78.00     0.00     9.00     0.00     0.00   100.00     0.00     0.00     0.00  
Barnet          46   75   +6      75.00     0.00     6.00     0.00     0.00   100.00    50.00P    0.00     0.00  
Hartlepool      46   73  +13      73.00     0.00    13.00     0.00     0.00   100.00     0.00     0.00     0.00  
Cheltenham      46   70   +8      70.00     0.00     8.00     0.00     0.00     0.00     0.00     0.00     0.00  
Torquay         46   69  +10      69.00     0.00    10.00     0.00     0.00     0.00     0.00     0.00     0.00  
Brighton        46   67  +18      67.00     0.00    18.00     0.00     0.00     0.00     0.00     0.00     0.00  
Plymouth        46   66   +4      66.00     0.00     4.00     0.00     0.00     0.00     0.00     0.00     0.00  
Rochdale        46   66   +1      66.00     0.00     1.00     0.00     0.00     0.00     0.00     0.00     0.00  
Macclesfield    46   65   +5      65.00     0.00     5.00     0.00     0.00     0.00     0.00     0.00     0.00  
Hull            46   59   +0      59.00     0.00     0.00     0.00     0.00     0.00     0.00     0.00     0.00  
Lincoln_City    46   59   -2      59.00     0.00    -2.00     0.00     0.00     0.00     0.00     0.00     0.00  
Southend        46   56   -8      56.00     0.00    -8.00     0.00     0.00     0.00     0.00     0.00     0.00  
Mansfield       46   56  -15      56.00     0.00   -15.00     0.00     0.00     0.00     0.00     0.00     0.00  
Halifax         46   54  -14      54.00     0.00   -14.00     0.00     0.00     0.00     0.00     0.00     0.00  
Leyton_Orient   46   52   -5      52.00     0.00    -5.00     0.00     0.00     0.00     0.00     0.00     0.00  
York            46   52  -14      52.00     0.00   -14.00     0.00     0.00     0.00     0.00     0.00     0.00  
Exeter          46   44  -26      44.00     0.00   -26.00     0.00     0.00     0.00     0.00     0.00     0.00  
Shrewsbury      46   40  -27      40.00     0.00   -27.00     0.00     0.00     0.00     0.00     0.00     0.00  
Carlisle        46   39  -33      39.00     0.00   -33.00     0.00     0.00     0.00     0.00   100.00R    0.00  
Chester         46   39  -35      39.00     0.00   -35.00     0.00     0.00     0.00     0.00   100.00R  100.00  
