ASOF         2013-02-23T07:14:54+0000
UPDATED      2013-02-23T07:14:54+0000
LASTPLAYED   2001-05-08 Southend Mansfield 3 1
ITERATIONS   2
BEGINTABLE
               -- Current --     ------- Expected -------     --------------- Percentage chance ---------------
Team           Pld  Pts   GD     Points  sd(pts)       GD     Top1     Top3     Top7  3+[4-7]     Bot2     Bot1
Brighton        46   92  +38      92.00     0.00    38.00   100.00   100.00   100.00   100.00P    0.00     0.00  
Chesterfield    46   89  +37      89.00     0.00    37.00     0.00   100.00   100.00   100.00P    0.00     0.00  
Cardiff         46   82  +37      82.00     0.00    37.00     0.00   100.00   100.00   100.00P    0.00     0.00  
Hartlepool      46   77  +17      77.00     0.00    17.00     0.00     0.00   100.00   100.00P    0.00     0.00  
Leyton_Orient   46   75   +8      75.00     0.00     8.00     0.00     0.00   100.00     0.00     0.00     0.00  
Hull            46   74   +8      74.00     0.00     8.00     0.00     0.00   100.00     0.00     0.00     0.00  
Blackpool       46   72  +16      72.00     0.00    16.00     0.00     0.00   100.00     0.00     0.00     0.00  
Rochdale        46   71  +11      71.00     0.00    11.00     0.00     0.00     0.00     0.00     0.00     0.00  
Cheltenham      46   68   +7      68.00     0.00     7.00     0.00     0.00     0.00     0.00     0.00     0.00  
Scunthorpe      46   65  +10      65.00     0.00    10.00     0.00     0.00     0.00     0.00     0.00     0.00  
Southend        46   63   +2      63.00     0.00     2.00     0.00     0.00     0.00     0.00     0.00     0.00  
Plymouth        46   58   -7      58.00     0.00    -7.00     0.00     0.00     0.00     0.00     0.00     0.00  
Mansfield       46   58   -8      58.00     0.00    -8.00     0.00     0.00     0.00     0.00     0.00     0.00  
Macclesfield    46   56  -11      56.00     0.00   -11.00     0.00     0.00     0.00     0.00     0.00     0.00  
Shrewsbury      46   55  -16      55.00     0.00   -16.00     0.00     0.00     0.00     0.00     0.00     0.00  
Kidderminster   46   53  -14      53.00     0.00   -14.00     0.00     0.00     0.00     0.00     0.00     0.00  
York            46   52  -21      52.00     0.00   -21.00     0.00     0.00     0.00     0.00     0.00     0.00  
Lincoln_City    46   51   -8      51.00     0.00    -8.00     0.00     0.00     0.00     0.00     0.00     0.00  
Exeter          46   50  -18      50.00     0.00   -18.00     0.00     0.00     0.00     0.00     0.00     0.00  
Darlington      46   49  -12      49.00     0.00   -12.00     0.00     0.00     0.00     0.00     0.00     0.00  
Torquay         46   49  -25      49.00     0.00   -25.00     0.00     0.00     0.00     0.00     0.00     0.00  
Carlisle        46   48  -23      48.00     0.00   -23.00     0.00     0.00     0.00     0.00     0.00     0.00  
Halifax         46   47  -14      47.00     0.00   -14.00     0.00     0.00     0.00     0.00   100.00R    0.00  
Barnet          46   45  -14      45.00     0.00   -14.00     0.00     0.00     0.00     0.00   100.00R  100.00  
