ASOF         2013-02-23T07:14:53+0000
UPDATED      2013-02-23T07:14:53+0000
LASTPLAYED   1997-05-03 Barnet Colchester 2 4
ITERATIONS   2
BEGINTABLE
               -- Current --     ------- Expected -------     --------------- Percentage chance ---------------
Team           Pld  Pts   GD     Points  sd(pts)       GD     Top1     Top3     Top7  3+[4-7]     Bot2     Bot1
Fulham          46   87  +34      87.00     0.00    34.00   100.00   100.00   100.00   100.00P    0.00     0.00  
Wigan           46   87  +33      87.00     0.00    33.00     0.00   100.00   100.00   100.00P    0.00     0.00  
Carlisle        46   84  +23      84.00     0.00    23.00     0.00   100.00   100.00   100.00P    0.00     0.00  
Northampton     46   72  +23      72.00     0.00    23.00     0.00     0.00   100.00    50.00P    0.00     0.00  
Swansea         46   71   +4      71.00     0.00     4.00     0.00     0.00   100.00     0.00     0.00     0.00  
Chester         46   70  +12      70.00     0.00    12.00     0.00     0.00   100.00    50.00P    0.00     0.00  
Cardiff         46   69   +2      69.00     0.00     2.00     0.00     0.00   100.00     0.00     0.00     0.00  
Colchester      46   68  +11      68.00     0.00    11.00     0.00     0.00     0.00     0.00     0.00     0.00  
Lincoln_City    46   66   +1      66.00     0.00     1.00     0.00     0.00     0.00     0.00     0.00     0.00  
Cambridge_Utd   46   65   -6      65.00     0.00    -6.00     0.00     0.00     0.00     0.00     0.00     0.00  
Mansfield       46   64   +2      64.00     0.00     2.00     0.00     0.00     0.00     0.00     0.00     0.00  
Scarborough     46   63   -3      63.00     0.00    -3.00     0.00     0.00     0.00     0.00     0.00     0.00  
Scunthorpe      46   63   -3      63.00     0.00    -3.00     0.00     0.00     0.00     0.00     0.00     0.00  
Rochdale        46   58   +0      58.00     0.00     0.00     0.00     0.00     0.00     0.00     0.00     0.00  
Barnet          46   58   -5      58.00     0.00    -5.00     0.00     0.00     0.00     0.00     0.00     0.00  
Hull            46   57   -6      57.00     0.00    -6.00     0.00     0.00     0.00     0.00     0.00     0.00  
Leyton_Orient   46   57   -8      57.00     0.00    -8.00     0.00     0.00     0.00     0.00     0.00     0.00  
Darlington      46   52  -14      52.00     0.00   -14.00     0.00     0.00     0.00     0.00     0.00     0.00  
Doncaster       46   52  -14      52.00     0.00   -14.00     0.00     0.00     0.00     0.00     0.00     0.00  
Hartlepool      46   51  -13      51.00     0.00   -13.00     0.00     0.00     0.00     0.00     0.00     0.00  
Torquay         46   50  -16      50.00     0.00   -16.00     0.00     0.00     0.00     0.00     0.00     0.00  
Brighton        46   49  -17      49.00     0.00   -17.00     0.00     0.00     0.00     0.00     0.00     0.00  
Exeter          46   48  -25      48.00     0.00   -25.00     0.00     0.00     0.00     0.00   100.00R    0.00  
Hereford        46   47  -15      47.00     0.00   -15.00     0.00     0.00     0.00     0.00   100.00R  100.00  
