ASOF         2013-02-23T07:14:55+0000
UPDATED      2013-02-23T07:14:55+0000
LASTPLAYED   2005-05-07 Boston Rochdale 1 1
ITERATIONS   2
BEGINTABLE
                  -- Current --     ------- Expected -------     --------------- Percentage chance ---------------
Team              Pld  Pts   GD     Points  sd(pts)       GD     Top1     Top3     Top7  3+[4-7]     Bot2     Bot1
Yeovil             46   83  +25      83.00     0.00    25.00   100.00   100.00   100.00   100.00P    0.00     0.00  
Scunthorpe         46   80  +27      80.00     0.00    27.00     0.00   100.00   100.00   100.00P    0.00     0.00  
Swansea            46   80  +19      80.00     0.00    19.00     0.00   100.00   100.00   100.00P    0.00     0.00  
Southend           46   78  +19      78.00     0.00    19.00     0.00     0.00   100.00    50.00P    0.00     0.00  
Macclesfield       46   75  +11      75.00     0.00    11.00     0.00     0.00   100.00     0.00     0.00     0.00  
Lincoln_City       46   72  +17      72.00     0.00    17.00     0.00     0.00   100.00    50.00P    0.00     0.00  
Northampton        46   72  +11      72.00     0.00    11.00     0.00     0.00   100.00     0.00     0.00     0.00  
Darlington         46   72   +8      72.00     0.00     8.00     0.00     0.00     0.00     0.00     0.00     0.00  
Rochdale           46   66   +6      66.00     0.00     6.00     0.00     0.00     0.00     0.00     0.00     0.00  
Wycombe            46   65   +6      65.00     0.00     6.00     0.00     0.00     0.00     0.00     0.00     0.00  
Leyton_Orient      46   63   -2      63.00     0.00    -2.00     0.00     0.00     0.00     0.00     0.00     0.00  
Bristol_Rovers     46   60   +3      60.00     0.00     3.00     0.00     0.00     0.00     0.00     0.00     0.00  
Mansfield          46   60   +0      60.00     0.00     0.00     0.00     0.00     0.00     0.00     0.00     0.00  
Cheltenham         46   60   -3      60.00     0.00    -3.00     0.00     0.00     0.00     0.00     0.00     0.00  
Oxford_Utd         46   59  -13      59.00     0.00   -13.00     0.00     0.00     0.00     0.00     0.00     0.00  
Boston             46   58   +4      58.00     0.00     4.00     0.00     0.00     0.00     0.00     0.00     0.00  
Bury               46   58   +0      58.00     0.00     0.00     0.00     0.00     0.00     0.00     0.00     0.00  
Grimsby            46   58   -1      58.00     0.00    -1.00     0.00     0.00     0.00     0.00     0.00     0.00  
Notts_County       46   52  -16      52.00     0.00   -16.00     0.00     0.00     0.00     0.00     0.00     0.00  
Chester            46   52  -26      52.00     0.00   -26.00     0.00     0.00     0.00     0.00     0.00     0.00  
Shrewsbury         46   49   -5      49.00     0.00    -5.00     0.00     0.00     0.00     0.00     0.00     0.00  
Rushden_&_D'mnds   46   44  -21      44.00     0.00   -21.00     0.00     0.00     0.00     0.00     0.00     0.00  
Kidderminster      46   38  -46      38.00     0.00   -46.00     0.00     0.00     0.00     0.00   100.00R    0.00  
Cambridge_Utd      46   30  -23      30.00     0.00   -23.00     0.00     0.00     0.00     0.00   100.00R  100.00  

Adjustments:
Cambridge_Utd      -10
