ASOF         2013-02-23T07:14:53+0000
UPDATED      2013-02-23T07:14:53+0000
LASTPLAYED   1995-05-14 Chelsea Arsenal 2 1
ITERATIONS   2
BEGINTABLE
                -- Current --     ------- Expected -------     ------------------- Percentage chance --------------------
Team            Pld  Pts   GD     Points  sd(pts)       GD     Top1     Top2     Top3     Top4     Top6     Bot3     Bot1
Blackburn        42   89  +41      89.00     0.00    41.00   100.00   100.00   100.00   100.00   100.00     0.00     0.00  
Man_Utd          42   88  +49      88.00     0.00    49.00     0.00   100.00   100.00   100.00   100.00     0.00     0.00  
Nott'm_Forest    42   77  +29      77.00     0.00    29.00     0.00     0.00   100.00   100.00   100.00     0.00     0.00  
Liverpool        42   74  +28      74.00     0.00    28.00     0.00     0.00     0.00   100.00   100.00     0.00     0.00  
Leeds_United     42   73  +21      73.00     0.00    21.00     0.00     0.00     0.00     0.00   100.00     0.00     0.00  
Newcastle        42   72  +20      72.00     0.00    20.00     0.00     0.00     0.00     0.00   100.00     0.00     0.00  
Tottenham        42   62   +8      62.00     0.00     8.00     0.00     0.00     0.00     0.00     0.00     0.00     0.00  
QPR              42   60   +2      60.00     0.00     2.00     0.00     0.00     0.00     0.00     0.00     0.00     0.00  
AFC_Wimbledon    42   56  -17      56.00     0.00   -17.00     0.00     0.00     0.00     0.00     0.00     0.00     0.00  
Southampton      42   54   -2      54.00     0.00    -2.00     0.00     0.00     0.00     0.00     0.00     0.00     0.00  
Chelsea          42   54   -5      54.00     0.00    -5.00     0.00     0.00     0.00     0.00     0.00     0.00     0.00  
Arsenal          42   51   +3      51.00     0.00     3.00     0.00     0.00     0.00     0.00     0.00     0.00     0.00  
Sheff_Wed        42   51   -8      51.00     0.00    -8.00     0.00     0.00     0.00     0.00     0.00     0.00     0.00  
West_Ham         42   50   -4      50.00     0.00    -4.00     0.00     0.00     0.00     0.00     0.00     0.00     0.00  
Everton          42   50   -7      50.00     0.00    -7.00     0.00     0.00     0.00     0.00     0.00     0.00     0.00  
Coventry         42   50  -18      50.00     0.00   -18.00     0.00     0.00     0.00     0.00     0.00     0.00     0.00  
Man_City         42   49  -11      49.00     0.00   -11.00     0.00     0.00     0.00     0.00     0.00     0.00     0.00  
Aston_Villa      42   48   -5      48.00     0.00    -5.00     0.00     0.00     0.00     0.00     0.00     0.00     0.00  
Crystal_Palace   42   45  -15      45.00     0.00   -15.00     0.00     0.00     0.00     0.00     0.00     0.00     0.00  
Norwich          42   43  -17      43.00     0.00   -17.00     0.00     0.00     0.00     0.00     0.00   100.00R    0.00  
Leicester        42   29  -35      29.00     0.00   -35.00     0.00     0.00     0.00     0.00     0.00   100.00R    0.00  
Ipswich          42   27  -57      27.00     0.00   -57.00     0.00     0.00     0.00     0.00     0.00   100.00R  100.00  
