ASOF         2013-02-23T07:14:57+0000
UPDATED      2013-02-23T07:14:57+0000
LASTPLAYED   2012-04-28 Alfreton_Town Bath_City 2 1
ITERATIONS   2
BEGINTABLE
                  -- Current --     ------- Expected -------     ---------- Percentage chance -----------
Team              Pld  Pts   GD     Points  sd(pts)       GD     Top1     Top5  1+[2-5]     Bot3     Bot1
Fleetwood_Town     46  103  +54     103.00     0.00    54.00   100.00   100.00   100.00P    0.00     0.00  
Wrexham            46   98  +52      98.00     0.00    52.00     0.00   100.00    50.00P    0.00     0.00  
Mansfield          46   89  +39      89.00     0.00    39.00     0.00   100.00    50.00P    0.00     0.00  
York               46   83  +36      83.00     0.00    36.00     0.00   100.00     0.00     0.00     0.00  
Luton              46   81  +36      81.00     0.00    36.00     0.00   100.00     0.00     0.00     0.00  
Kidderminster      46   76  +19      76.00     0.00    19.00     0.00     0.00     0.00     0.00     0.00  
Southport          46   76   +3      76.00     0.00     3.00     0.00     0.00     0.00     0.00     0.00  
Gateshead          46   74   +7      74.00     0.00     7.00     0.00     0.00     0.00     0.00     0.00  
Cambridge_Utd      46   71  +16      71.00     0.00    16.00     0.00     0.00     0.00     0.00     0.00  
Forest_Green       46   70  +21      70.00     0.00    21.00     0.00     0.00     0.00     0.00     0.00  
Grimsby            46   70  +19      70.00     0.00    19.00     0.00     0.00     0.00     0.00     0.00  
Braintree_Town     46   62   -4      62.00     0.00    -4.00     0.00     0.00     0.00     0.00     0.00  
Barrow             46   60  -14      60.00     0.00   -14.00     0.00     0.00     0.00     0.00     0.00  
Ebbsfleet_United   46   54  -15      54.00     0.00   -15.00     0.00     0.00     0.00     0.00     0.00  
Alfreton_Town      46   54  -24      54.00     0.00   -24.00     0.00     0.00     0.00     0.00     0.00  
Stockport          46   51  -16      51.00     0.00   -16.00     0.00     0.00     0.00     0.00     0.00  
Lincoln_City       46   49  -10      49.00     0.00   -10.00     0.00     0.00     0.00     0.00     0.00  
Tamworth           46   48  -23      48.00     0.00   -23.00     0.00     0.00     0.00     0.00     0.00  
Newport_County     46   47  -12      47.00     0.00   -12.00     0.00     0.00     0.00     0.00     0.00  
AFC_Telford        46   46  -20      46.00     0.00   -20.00     0.00     0.00     0.00     0.00     0.00  
Hayes_&_Yeading    46   41  -32      41.00     0.00   -32.00     0.00     0.00     0.00     0.00     0.00  
Darlington         46   36  -26      36.00     0.00   -26.00     0.00     0.00     0.00   100.00R    0.00  
Bath_City          46   31  -46      31.00     0.00   -46.00     0.00     0.00     0.00   100.00R    0.00  
Kettering          46   30  -60      30.00     0.00   -60.00     0.00     0.00     0.00   100.00R  100.00  

Adjustments:
Darlington         -10
Kettering          -3
