ASOF         2016-07-01T21:00:01+0000
UPDATED      2016-07-01T21:00:01+0000
LASTPLAYED   2016-05-07 AFC_Wimbledon Newport_County 1 0
ITERATIONS   50000
BEGINTABLE
                    -- Current --     --------- Luck ---------   ------- Expected -------     --------------- Percentage chance ---------------
Team                Pld  Pts   GD     Points   %(pts)       GD   Points  sd(pts)       GD     Top1     Top3     Top7  3+[4-7]     Bot2     Bot1
Northampton          46   99  +36      20.71    97.79    13.02    99.00     0.00    36.00   100.00   100.00   100.00   100.00P    0.00     0.00  
Oxford_Utd           46   86  +43       4.73    67.40    16.13    86.00     0.00    43.00     0.00   100.00   100.00   100.00P    0.00     0.00  
Bristol_Rovers       46   85  +31       9.14    80.23    12.19    85.00     0.00    31.00     0.00   100.00   100.00   100.00P    0.00     0.00  
Accrington_Stanley   46   85  +26      14.55    91.51    14.96    85.00     0.00    26.00     0.00     0.00   100.00    24.25P    0.00     0.00  
Plymouth             46   81  +26       4.68    67.09     6.66    81.00     0.00    26.00     0.00     0.00   100.00    28.89P    0.00     0.00  
Portsmouth           46   78  +31       1.84    56.70    11.61    78.00     0.00    31.00     0.00     0.00   100.00    27.42P    0.00     0.00  
AFC_Wimbledon        46   75  +14       8.58    79.41     8.93    75.00     0.00    14.00     0.00     0.00   100.00    19.43P    0.00     0.00  
Leyton_Orient        46   69   -1      -2.29    41.62   -13.19    69.00     0.00    -1.00     0.00     0.00     0.00     0.00     0.00     0.00  
Cambridge_Utd        46   68  +11       3.33    62.51     8.66    68.00     0.00    11.00     0.00     0.00     0.00     0.00     0.00     0.00  
Carlisle             46   67   +5       3.48    63.09     4.66    67.00     0.00     5.00     0.00     0.00     0.00     0.00     0.00     0.00  
Luton                46   66   +2       0.37    51.24    -1.92    66.00     0.00     2.00     0.00     0.00     0.00     0.00     0.00     0.00  
Mansfield            46   64   +8       3.25    62.48    10.98    64.00     0.00     8.00     0.00     0.00     0.00     0.00     0.00     0.00  
Wycombe              46   64   +1      -2.21    41.58    -4.19    64.00     0.00     1.00     0.00     0.00     0.00     0.00     0.00     0.00  
Exeter               46   64   -2       1.71    56.86    -0.46    64.00     0.00    -2.00     0.00     0.00     0.00     0.00     0.00     0.00  
Barnet               46   62   -1       2.37    59.30     4.68    62.00     0.00    -1.00     0.00     0.00     0.00     0.00     0.00     0.00  
Hartlepool           46   51  -23       2.18    59.44    -1.73    51.00     0.00   -23.00     0.00     0.00     0.00     0.00     0.00     0.00  
Notts_County         46   51  -29      -4.32    34.46   -16.74    51.00     0.00   -29.00     0.00     0.00     0.00     0.00     0.00     0.00  
Stevenage            46   48  -15     -12.05    12.34   -10.61    48.00     0.00   -15.00     0.00     0.00     0.00     0.00     0.00     0.00  
Yeovil               46   48  -16      -9.81    17.33    -9.41    48.00     0.00   -16.00     0.00     0.00     0.00     0.00     0.00     0.00  
Crawley_Town         46   47  -33      -5.37    30.84   -16.82    47.00     0.00   -33.00     0.00     0.00     0.00     0.00     0.00     0.00  
Morecambe            46   46  -22      -8.16    22.02    -6.61    46.00     0.00   -22.00     0.00     0.00     0.00     0.00     0.00     0.00  
Newport_County       46   43  -21      -9.34    17.93    -5.92    43.00     0.00   -21.00     0.00     0.00     0.00     0.00     0.00     0.00  
Dag_&_Red            46   34  -35     -14.26     7.14   -11.88    34.00     0.00   -35.00     0.00     0.00     0.00     0.00   100.00R    0.00  
York                 46   34  -36     -14.16     7.36   -12.99    34.00     0.00   -36.00     0.00     0.00     0.00     0.00   100.00R  100.00  
