ASOF         2013-02-23T07:14:57+0000
UPDATED      2013-02-23T07:14:57+0000
LASTPLAYED   2010-08-07 Accrington_Stanley Aldershot 0 0
ITERATIONS   2
BEGINTABLE
                    -- Current --     ------- Expected -------     --------------- Percentage chance ---------------
Team                Pld  Pts   GD     Points  sd(pts)       GD     Top1     Top3     Top7  3+[4-7]     Bot2     Bot1
Chesterfield         46   86  +34      86.00     0.00    34.00   100.00   100.00   100.00   100.00P    0.00     0.00  
Bury                 46   81  +32      81.00     0.00    32.00     0.00   100.00   100.00   100.00P    0.00     0.00  
Wycombe              46   80  +19      80.00     0.00    19.00     0.00   100.00   100.00   100.00P    0.00     0.00  
Shrewsbury           46   79  +23      79.00     0.00    23.00     0.00     0.00   100.00     0.00     0.00     0.00  
Accrington_Stanley   46   73  +18      73.00     0.00    18.00     0.00     0.00   100.00     0.00     0.00     0.00  
Torquay              46   69  +21      69.00     0.00    21.00     0.00     0.00   100.00    50.00P    0.00     0.00  
Stevenage            46   69  +17      69.00     0.00    17.00     0.00     0.00   100.00    50.00P    0.00     0.00  
Gillingham           46   68  +10      68.00     0.00    10.00     0.00     0.00     0.00     0.00     0.00     0.00  
Rotherham            46   66  +15      66.00     0.00    15.00     0.00     0.00     0.00     0.00     0.00     0.00  
Crewe                46   65  +22      65.00     0.00    22.00     0.00     0.00     0.00     0.00     0.00     0.00  
Port_Vale            46   65   +5      65.00     0.00     5.00     0.00     0.00     0.00     0.00     0.00     0.00  
Oxford_Utd           46   63   -2      63.00     0.00    -2.00     0.00     0.00     0.00     0.00     0.00     0.00  
Southend             46   61   +6      61.00     0.00     6.00     0.00     0.00     0.00     0.00     0.00     0.00  
Aldershot            46   61   +0      61.00     0.00     0.00     0.00     0.00     0.00     0.00     0.00     0.00  
Macclesfield         46   55  -14      55.00     0.00   -14.00     0.00     0.00     0.00     0.00     0.00     0.00  
Hereford             46   53  -16      53.00     0.00   -16.00     0.00     0.00     0.00     0.00     0.00     0.00  
Northampton          46   52   -8      52.00     0.00    -8.00     0.00     0.00     0.00     0.00     0.00     0.00  
Cheltenham           46   52  -21      52.00     0.00   -21.00     0.00     0.00     0.00     0.00     0.00     0.00  
Bradford             46   52  -25      52.00     0.00   -25.00     0.00     0.00     0.00     0.00     0.00     0.00  
Burton_Albion        46   51  -14      51.00     0.00   -14.00     0.00     0.00     0.00     0.00     0.00     0.00  
Morecambe            46   51  -19      51.00     0.00   -19.00     0.00     0.00     0.00     0.00     0.00     0.00  
Barnet               46   48  -19      48.00     0.00   -19.00     0.00     0.00     0.00     0.00     0.00     0.00  
Lincoln_City         46   47  -36      47.00     0.00   -36.00     0.00     0.00     0.00     0.00   100.00R    0.00  
Stockport            46   41  -48      41.00     0.00   -48.00     0.00     0.00     0.00     0.00   100.00R  100.00  
