ASOF         2015-06-25T21:00:01+0000
UPDATED      2015-06-25T21:00:01+0000
LASTPLAYED   2015-05-02 Blackburn Ipswich 3 2
ITERATIONS   50000
BEGINTABLE
               -- Current --     --------- Luck ---------   ------- Expected -------     --------------- Percentage chance ---------------
Team           Pld  Pts   GD     Points   %(pts)       GD   Points  sd(pts)       GD     Top1     Top2     Top6  2+[3-6]     Bot3     Bot1
Bournemouth     46   90  +53       7.25    75.86    22.31    90.00     0.00    53.00   100.00   100.00   100.00   100.00P    0.00     0.00  
Watford         46   89  +41       6.90    74.51    11.39    89.00     0.00    41.00     0.00   100.00   100.00   100.00P    0.00     0.00  
Norwich         46   86  +40       1.14    54.15     6.79    86.00     0.00    40.00     0.00     0.00   100.00    38.37P    0.00     0.00  
Middlesbrough   46   85  +31       8.55    79.78    11.67    85.00     0.00    31.00     0.00     0.00   100.00    29.00P    0.00     0.00  
Brentford       46   78  +19       9.18    80.46    10.82    78.00     0.00    19.00     0.00     0.00   100.00    16.47P    0.00     0.00  
Ipswich         46   78  +18       8.08    77.95     8.01    78.00     0.00    18.00     0.00     0.00   100.00    16.16P    0.00     0.00  
Wolverhampton   46   78  +14       5.99    71.28     0.96    78.00     0.00    14.00     0.00     0.00     0.00     0.00     0.00     0.00  
Derby           46   77  +29      -2.57    39.99     3.73    77.00     0.00    29.00     0.00     0.00     0.00     0.00     0.00     0.00  
Blackburn       46   67   +7      -0.15    49.67     1.38    67.00     0.00     7.00     0.00     0.00     0.00     0.00     0.00     0.00  
Birmingham      46   63  -10       5.82    71.83    -0.48    63.00     0.00   -10.00     0.00     0.00     0.00     0.00     0.00     0.00  
Cardiff         46   62   -4      -0.99    46.86    -3.67    62.00     0.00    -4.00     0.00     0.00     0.00     0.00     0.00     0.00  
Charlton        46   60   -6       3.07    62.37     2.97    60.00     0.00    -6.00     0.00     0.00     0.00     0.00     0.00     0.00  
Sheff_Wed       46   60   -6       1.50    56.68     0.01    60.00     0.00    -6.00     0.00     0.00     0.00     0.00     0.00     0.00  
Nott'm_Forest   46   59   +2      -5.57    30.33     0.59    59.00     0.00     2.00     0.00     0.00     0.00     0.00     0.00     0.00  
Leeds_United    46   56  -11      -0.55    48.59    -1.11    56.00     0.00   -11.00     0.00     0.00     0.00     0.00     0.00     0.00  
Huddersfield    46   55  -17       1.12    55.40    -1.72    55.00     0.00   -17.00     0.00     0.00     0.00     0.00     0.00     0.00  
Fulham          46   52  -21      -6.14    28.30   -11.52    52.00     0.00   -21.00     0.00     0.00     0.00     0.00     0.00     0.00  
Bolton          46   51  -13      -7.69    22.82    -5.90    51.00     0.00   -13.00     0.00     0.00     0.00     0.00     0.00     0.00  
Reading         46   50  -21      -8.38    20.79   -13.49    50.00     0.00   -21.00     0.00     0.00     0.00     0.00     0.00     0.00  
Rotherham       46   49  -21       1.18    55.76     2.97    49.00     0.00   -21.00     0.00     0.00     0.00     0.00     0.00     0.00  
Brighton        46   47  -10     -15.16     6.50    -9.52    47.00     0.00   -10.00     0.00     0.00     0.00     0.00     0.00     0.00  
Millwall        46   41  -34      -3.38    36.77    -5.10    41.00     0.00   -34.00     0.00     0.00     0.00     0.00   100.00R    0.00  
Wigan           46   39  -25     -17.69     3.45   -16.06    39.00     0.00   -25.00     0.00     0.00     0.00     0.00   100.00R    0.00  
Blackpool       46   26  -55     -12.34     7.99   -15.04    26.00     0.00   -55.00     0.00     0.00     0.00     0.00   100.00R  100.00  
