ASOF         2013-02-23T07:14:57+0000
UPDATED      2013-02-23T07:14:57+0000
LASTPLAYED   2011-05-22 Aston_Villa Liverpool 1 0
ITERATIONS   2
BEGINTABLE
               -- Current --     ------- Expected -------     ------------------- Percentage chance --------------------
Team           Pld  Pts   GD     Points  sd(pts)       GD     Top1     Top2     Top3     Top4     Top6     Bot3     Bot1
Man_Utd         38   80  +41      80.00     0.00    41.00   100.00   100.00   100.00   100.00   100.00     0.00     0.00  
Chelsea         38   71  +36      71.00     0.00    36.00     0.00   100.00   100.00   100.00   100.00     0.00     0.00  
Man_City        38   71  +27      71.00     0.00    27.00     0.00     0.00   100.00   100.00   100.00     0.00     0.00  
Arsenal         38   68  +29      68.00     0.00    29.00     0.00     0.00     0.00   100.00   100.00     0.00     0.00  
Tottenham       38   62   +9      62.00     0.00     9.00     0.00     0.00     0.00     0.00   100.00     0.00     0.00  
Liverpool       38   58  +15      58.00     0.00    15.00     0.00     0.00     0.00     0.00   100.00     0.00     0.00  
Everton         38   54   +6      54.00     0.00     6.00     0.00     0.00     0.00     0.00     0.00     0.00     0.00  
Fulham          38   49   +6      49.00     0.00     6.00     0.00     0.00     0.00     0.00     0.00     0.00     0.00  
Aston_Villa     38   48  -11      48.00     0.00   -11.00     0.00     0.00     0.00     0.00     0.00     0.00     0.00  
Sunderland      38   47  -11      47.00     0.00   -11.00     0.00     0.00     0.00     0.00     0.00     0.00     0.00  
West_Brom       38   47  -15      47.00     0.00   -15.00     0.00     0.00     0.00     0.00     0.00     0.00     0.00  
Newcastle       38   46   -1      46.00     0.00    -1.00     0.00     0.00     0.00     0.00     0.00     0.00     0.00  
Stoke           38   46   -2      46.00     0.00    -2.00     0.00     0.00     0.00     0.00     0.00     0.00     0.00  
Bolton          38   46   -4      46.00     0.00    -4.00     0.00     0.00     0.00     0.00     0.00     0.00     0.00  
Blackburn       38   43  -13      43.00     0.00   -13.00     0.00     0.00     0.00     0.00     0.00     0.00     0.00  
Wigan           38   42  -21      42.00     0.00   -21.00     0.00     0.00     0.00     0.00     0.00     0.00     0.00  
Wolverhampton   38   40  -20      40.00     0.00   -20.00     0.00     0.00     0.00     0.00     0.00     0.00     0.00  
Birmingham      38   39  -21      39.00     0.00   -21.00     0.00     0.00     0.00     0.00     0.00   100.00R    0.00  
Blackpool       38   39  -23      39.00     0.00   -23.00     0.00     0.00     0.00     0.00     0.00   100.00R    0.00  
West_Ham        38   33  -27      33.00     0.00   -27.00     0.00     0.00     0.00     0.00     0.00   100.00R  100.00  
