ASOF         2013-02-23T07:14:55+0000
UPDATED      2013-02-23T07:14:55+0000
LASTPLAYED   2004-05-15 Arsenal Leicester 2 1
ITERATIONS   2
BEGINTABLE
               -- Current --     ------- Expected -------     ------------------- Percentage chance --------------------
Team           Pld  Pts   GD     Points  sd(pts)       GD     Top1     Top2     Top3     Top4     Top6     Bot3     Bot1
Arsenal         38   90  +47      90.00     0.00    47.00   100.00   100.00   100.00   100.00   100.00     0.00     0.00  
Chelsea         38   79  +37      79.00     0.00    37.00     0.00   100.00   100.00   100.00   100.00     0.00     0.00  
Man_Utd         38   75  +29      75.00     0.00    29.00     0.00     0.00   100.00   100.00   100.00     0.00     0.00  
Liverpool       38   60  +18      60.00     0.00    18.00     0.00     0.00     0.00   100.00   100.00     0.00     0.00  
Newcastle       38   56  +12      56.00     0.00    12.00     0.00     0.00     0.00     0.00   100.00     0.00     0.00  
Aston_Villa     38   56   +4      56.00     0.00     4.00     0.00     0.00     0.00     0.00   100.00     0.00     0.00  
Charlton        38   53   +0      53.00     0.00     0.00     0.00     0.00     0.00     0.00     0.00     0.00     0.00  
Bolton          38   53   -8      53.00     0.00    -8.00     0.00     0.00     0.00     0.00     0.00     0.00     0.00  
Fulham          38   52   +6      52.00     0.00     6.00     0.00     0.00     0.00     0.00     0.00     0.00     0.00  
Birmingham      38   50   -5      50.00     0.00    -5.00     0.00     0.00     0.00     0.00     0.00     0.00     0.00  
Middlesbrough   38   48   -8      48.00     0.00    -8.00     0.00     0.00     0.00     0.00     0.00     0.00     0.00  
Southampton     38   47   -1      47.00     0.00    -1.00     0.00     0.00     0.00     0.00     0.00     0.00     0.00  
Portsmouth      38   45   -7      45.00     0.00    -7.00     0.00     0.00     0.00     0.00     0.00     0.00     0.00  
Tottenham       38   45  -10      45.00     0.00   -10.00     0.00     0.00     0.00     0.00     0.00     0.00     0.00  
Blackburn       38   44   -8      44.00     0.00    -8.00     0.00     0.00     0.00     0.00     0.00     0.00     0.00  
Man_City        38   41   +1      41.00     0.00     1.00     0.00     0.00     0.00     0.00     0.00     0.00     0.00  
Everton         38   39  -12      39.00     0.00   -12.00     0.00     0.00     0.00     0.00     0.00     0.00     0.00  
Leicester       38   33  -17      33.00     0.00   -17.00     0.00     0.00     0.00     0.00     0.00   100.00R    0.00  
Leeds_United    38   33  -39      33.00     0.00   -39.00     0.00     0.00     0.00     0.00     0.00   100.00R    0.00  
Wolverhampton   38   33  -39      33.00     0.00   -39.00     0.00     0.00     0.00     0.00     0.00   100.00R  100.00  
