ASOF         2013-02-23T07:14:54+0000
UPDATED      2013-02-23T07:14:54+0000
LASTPLAYED   1999-05-08 Bournemouth Wrexham 0 0
ITERATIONS   2
BEGINTABLE
                -- Current --     ------- Expected -------     --------------- Percentage chance ---------------
Team            Pld  Pts   GD     Points  sd(pts)       GD     Top1     Top2     Top6  2+[3-6]     Bot4     Bot1
Fulham           46  101  +47     101.00     0.00    47.00   100.00   100.00   100.00   100.00P    0.00     0.00  
Walsall          46   87  +16      87.00     0.00    16.00     0.00   100.00   100.00   100.00P    0.00     0.00  
Man_City         46   82  +36      82.00     0.00    36.00     0.00     0.00   100.00    50.00P    0.00     0.00  
Gillingham       46   80  +31      80.00     0.00    31.00     0.00     0.00   100.00     0.00     0.00     0.00  
Preston          46   79  +28      79.00     0.00    28.00     0.00     0.00   100.00     0.00     0.00     0.00  
Wigan            46   76  +27      76.00     0.00    27.00     0.00     0.00   100.00    50.00P    0.00     0.00  
Bournemouth      46   76  +22      76.00     0.00    22.00     0.00     0.00     0.00     0.00     0.00     0.00  
Stoke            46   69   -4      69.00     0.00    -4.00     0.00     0.00     0.00     0.00     0.00     0.00  
Chesterfield     46   64   +2      64.00     0.00     2.00     0.00     0.00     0.00     0.00     0.00     0.00  
Millwall         46   62   -7      62.00     0.00    -7.00     0.00     0.00     0.00     0.00     0.00     0.00  
Reading          46   61   -9      61.00     0.00    -9.00     0.00     0.00     0.00     0.00     0.00     0.00  
Luton            46   58   -9      58.00     0.00    -9.00     0.00     0.00     0.00     0.00     0.00     0.00  
Bristol_Rovers   46   56   +9      56.00     0.00     9.00     0.00     0.00     0.00     0.00     0.00     0.00  
Blackpool        46   56  -10      56.00     0.00   -10.00     0.00     0.00     0.00     0.00     0.00     0.00  
Burnley          46   55  -19      55.00     0.00   -19.00     0.00     0.00     0.00     0.00     0.00     0.00  
Notts_County     46   54   -9      54.00     0.00    -9.00     0.00     0.00     0.00     0.00     0.00     0.00  
Wrexham          46   53  -19      53.00     0.00   -19.00     0.00     0.00     0.00     0.00     0.00     0.00  
Colchester       46   52  -18      52.00     0.00   -18.00     0.00     0.00     0.00     0.00     0.00     0.00  
Wycombe          46   51   -6      51.00     0.00    -6.00     0.00     0.00     0.00     0.00     0.00     0.00  
Oldham           46   51  -18      51.00     0.00   -18.00     0.00     0.00     0.00     0.00     0.00     0.00  
York             46   50  -24      50.00     0.00   -24.00     0.00     0.00     0.00     0.00   100.00R    0.00  
Northampton      46   48  -14      48.00     0.00   -14.00     0.00     0.00     0.00     0.00   100.00R    0.00  
Lincoln_City     46   46  -32      46.00     0.00   -32.00     0.00     0.00     0.00     0.00   100.00R    0.00  
Macclesfield     46   43  -20      43.00     0.00   -20.00     0.00     0.00     0.00     0.00   100.00R  100.00  
