ASOF         2013-02-23T07:14:53+0000
UPDATED      2013-02-23T07:14:53+0000
LASTPLAYED   1998-05-02 Bristol_Rovers Brentford 2 1
ITERATIONS   2
BEGINTABLE
                -- Current --     ------- Expected -------     --------------- Percentage chance ---------------
Team            Pld  Pts   GD     Points  sd(pts)       GD     Top1     Top2     Top6  2+[3-6]     Bot4     Bot1
Watford          46   88  +26      88.00     0.00    26.00   100.00   100.00   100.00   100.00P    0.00     0.00  
Bristol_City     46   85  +30      85.00     0.00    30.00     0.00   100.00   100.00   100.00P    0.00     0.00  
Grimsby          46   72  +18      72.00     0.00    18.00     0.00     0.00   100.00     0.00     0.00     0.00  
Northampton      46   71  +15      71.00     0.00    15.00     0.00     0.00   100.00    50.00P    0.00     0.00  
Fulham           46   70  +17      70.00     0.00    17.00     0.00     0.00   100.00    50.00P    0.00     0.00  
Bristol_Rovers   46   70   +6      70.00     0.00     6.00     0.00     0.00   100.00     0.00     0.00     0.00  
Gillingham       46   70   +5      70.00     0.00     5.00     0.00     0.00     0.00     0.00     0.00     0.00  
Wrexham          46   70   +4      70.00     0.00     4.00     0.00     0.00     0.00     0.00     0.00     0.00  
Bournemouth      46   66   +5      66.00     0.00     5.00     0.00     0.00     0.00     0.00     0.00     0.00  
Chesterfield     46   65   +2      65.00     0.00     2.00     0.00     0.00     0.00     0.00     0.00     0.00  
Wigan            46   62   -2      62.00     0.00    -2.00     0.00     0.00     0.00     0.00     0.00     0.00  
Blackpool        46   62   -8      62.00     0.00    -8.00     0.00     0.00     0.00     0.00     0.00     0.00  
Oldham           46   61   +8      61.00     0.00     8.00     0.00     0.00     0.00     0.00     0.00     0.00  
Wycombe          46   60   -2      60.00     0.00    -2.00     0.00     0.00     0.00     0.00     0.00     0.00  
Preston          46   59   +0      59.00     0.00     0.00     0.00     0.00     0.00     0.00     0.00     0.00  
York             46   59   -6      59.00     0.00    -6.00     0.00     0.00     0.00     0.00     0.00     0.00  
Luton            46   57   -4      57.00     0.00    -4.00     0.00     0.00     0.00     0.00     0.00     0.00  
Millwall         46   55  -11      55.00     0.00   -11.00     0.00     0.00     0.00     0.00     0.00     0.00  
Walsall          46   54   -9      54.00     0.00    -9.00     0.00     0.00     0.00     0.00     0.00     0.00  
Burnley          46   52  -10      52.00     0.00   -10.00     0.00     0.00     0.00     0.00     0.00     0.00  
Brentford        46   50  -21      50.00     0.00   -21.00     0.00     0.00     0.00     0.00   100.00R    0.00  
Plymouth         46   49  -15      49.00     0.00   -15.00     0.00     0.00     0.00     0.00   100.00R    0.00  
Carlisle         46   44  -16      44.00     0.00   -16.00     0.00     0.00     0.00     0.00   100.00R    0.00  
Southend         46   43  -32      43.00     0.00   -32.00     0.00     0.00     0.00     0.00   100.00R  100.00  
