ASOF         2013-02-23T07:14:57+0000
UPDATED      2013-02-23T07:14:57+0000
LASTPLAYED   2010-08-07 Carlisle Brentford 2 0
ITERATIONS   2
BEGINTABLE
                -- Current --     ------- Expected -------     --------------- Percentage chance ---------------
Team            Pld  Pts   GD     Points  sd(pts)       GD     Top1     Top2     Top6  2+[3-6]     Bot4     Bot1
Brighton         46   95  +45      95.00     0.00    45.00   100.00   100.00   100.00   100.00P    0.00     0.00  
Southampton      46   92  +48      92.00     0.00    48.00     0.00   100.00   100.00   100.00P    0.00     0.00  
Huddersfield     46   87  +29      87.00     0.00    29.00     0.00     0.00   100.00    50.00P    0.00     0.00  
Peterborough     46   79  +31      79.00     0.00    31.00     0.00     0.00   100.00    50.00P    0.00     0.00  
MK_Dons          46   77   +7      77.00     0.00     7.00     0.00     0.00   100.00     0.00     0.00     0.00  
Bournemouth      46   71  +21      71.00     0.00    21.00     0.00     0.00   100.00     0.00     0.00     0.00  
Leyton_Orient    46   70   +9      70.00     0.00     9.00     0.00     0.00     0.00     0.00     0.00     0.00  
Exeter           46   70   -7      70.00     0.00    -7.00     0.00     0.00     0.00     0.00     0.00     0.00  
Rochdale         46   68   +8      68.00     0.00     8.00     0.00     0.00     0.00     0.00     0.00     0.00  
Colchester       46   62   -6      62.00     0.00    -6.00     0.00     0.00     0.00     0.00     0.00     0.00  
Brentford        46   61   -7      61.00     0.00    -7.00     0.00     0.00     0.00     0.00     0.00     0.00  
Carlisle         46   59   -2      59.00     0.00    -2.00     0.00     0.00     0.00     0.00     0.00     0.00  
Charlton         46   59   -4      59.00     0.00    -4.00     0.00     0.00     0.00     0.00     0.00     0.00  
Yeovil           46   59  -10      59.00     0.00   -10.00     0.00     0.00     0.00     0.00     0.00     0.00  
Sheff_Wed        46   58   +0      58.00     0.00     0.00     0.00     0.00     0.00     0.00     0.00     0.00  
Hartlepool       46   57  -18      57.00     0.00   -18.00     0.00     0.00     0.00     0.00     0.00     0.00  
Oldham           46   56   -7      56.00     0.00    -7.00     0.00     0.00     0.00     0.00     0.00     0.00  
Tranmere         46   56   -7      56.00     0.00    -7.00     0.00     0.00     0.00     0.00     0.00     0.00  
Notts_County     46   50  -14      50.00     0.00   -14.00     0.00     0.00     0.00     0.00     0.00     0.00  
Walsall          46   48  -19      48.00     0.00   -19.00     0.00     0.00     0.00     0.00     0.00     0.00  
Dag_&_Red        46   47  -18      47.00     0.00   -18.00     0.00     0.00     0.00     0.00   100.00R    0.00  
Bristol_Rovers   46   45  -34      45.00     0.00   -34.00     0.00     0.00     0.00     0.00   100.00R    0.00  
Plymouth         46   42  -23      42.00     0.00   -23.00     0.00     0.00     0.00     0.00   100.00R    0.00  
Swindon          46   41  -22      41.00     0.00   -22.00     0.00     0.00     0.00     0.00   100.00R  100.00  

Adjustments:
Plymouth         -10
