ASOF         2013-02-23T07:14:53+0000
UPDATED      2013-02-23T07:14:53+0000
LASTPLAYED   1996-05-04 Barnet Fulham 3 0
ITERATIONS   2
BEGINTABLE
               -- Current --     ------- Expected -------     --------------- Percentage chance ---------------
Team           Pld  Pts   GD     Points  sd(pts)       GD     Top1     Top3     Top7  3+[4-7]     Bot2     Bot1
Preston         46   86  +40      86.00     0.00    40.00   100.00   100.00   100.00   100.00P    0.00     0.00  
Gillingham      46   83  +29      83.00     0.00    29.00     0.00   100.00   100.00   100.00P    0.00     0.00  
Bury            46   79  +18      79.00     0.00    18.00     0.00   100.00   100.00   100.00P    0.00     0.00  
Plymouth        46   78  +19      78.00     0.00    19.00     0.00     0.00   100.00    50.00P    0.00     0.00  
Darlington      46   78  +18      78.00     0.00    18.00     0.00     0.00   100.00    50.00P    0.00     0.00  
Hereford        46   74  +18      74.00     0.00    18.00     0.00     0.00   100.00     0.00     0.00     0.00  
Colchester      46   72  +10      72.00     0.00    10.00     0.00     0.00   100.00     0.00     0.00     0.00  
Barnet          46   70  +20      70.00     0.00    20.00     0.00     0.00     0.00     0.00     0.00     0.00  
Chester         46   70  +19      70.00     0.00    19.00     0.00     0.00     0.00     0.00     0.00     0.00  
Wigan           46   70   +6      70.00     0.00     6.00     0.00     0.00     0.00     0.00     0.00     0.00  
Northampton     46   67   +7      67.00     0.00     7.00     0.00     0.00     0.00     0.00     0.00     0.00  
Scunthorpe      46   60   +7      60.00     0.00     7.00     0.00     0.00     0.00     0.00     0.00     0.00  
Doncaster       46   59  -11      59.00     0.00   -11.00     0.00     0.00     0.00     0.00     0.00     0.00  
Exeter          46   57   -7      57.00     0.00    -7.00     0.00     0.00     0.00     0.00     0.00     0.00  
Rochdale        46   55   -4      55.00     0.00    -4.00     0.00     0.00     0.00     0.00     0.00     0.00  
Cambridge_Utd   46   54  -10      54.00     0.00   -10.00     0.00     0.00     0.00     0.00     0.00     0.00  
Fulham          46   53   -7      53.00     0.00    -7.00     0.00     0.00     0.00     0.00     0.00     0.00  
Mansfield       46   53  -10      53.00     0.00   -10.00     0.00     0.00     0.00     0.00     0.00     0.00  
Lincoln_City    46   53  -17      53.00     0.00   -17.00     0.00     0.00     0.00     0.00     0.00     0.00  
Hartlepool      46   49  -20      49.00     0.00   -20.00     0.00     0.00     0.00     0.00     0.00     0.00  
Leyton_Orient   46   47  -19      47.00     0.00   -19.00     0.00     0.00     0.00     0.00     0.00     0.00  
Cardiff         46   45  -23      45.00     0.00   -23.00     0.00     0.00     0.00     0.00     0.00     0.00  
Scarborough     46   40  -29      40.00     0.00   -29.00     0.00     0.00     0.00     0.00   100.00R    0.00  
Torquay         46   29  -54      29.00     0.00   -54.00     0.00     0.00     0.00     0.00   100.00R  100.00  
