ASOF         2013-02-23T07:14:54+0000
UPDATED      2013-02-23T07:14:54+0000
LASTPLAYED   2000-05-07 Barnsley Crewe 0 2
ITERATIONS   2
BEGINTABLE
                -- Current --     ------- Expected -------     --------------- Percentage chance ---------------
Team            Pld  Pts   GD     Points  sd(pts)       GD     Top1     Top2     Top6  2+[3-6]     Bot3     Bot1
Charlton         46   91  +34      91.00     0.00    34.00   100.00   100.00   100.00   100.00P    0.00     0.00  
Man_City         46   89  +38      89.00     0.00    38.00     0.00   100.00   100.00   100.00P    0.00     0.00  
Ipswich          46   87  +29      87.00     0.00    29.00     0.00     0.00   100.00     0.00     0.00     0.00  
Barnsley         46   82  +21      82.00     0.00    21.00     0.00     0.00   100.00    50.00P    0.00     0.00  
Birmingham       46   77  +21      77.00     0.00    21.00     0.00     0.00   100.00    50.00P    0.00     0.00  
Bolton           46   76  +19      76.00     0.00    19.00     0.00     0.00   100.00     0.00     0.00     0.00  
Wolverhampton    46   74  +16      74.00     0.00    16.00     0.00     0.00     0.00     0.00     0.00     0.00  
Huddersfield     46   74  +13      74.00     0.00    13.00     0.00     0.00     0.00     0.00     0.00     0.00  
Fulham           46   67   +8      67.00     0.00     8.00     0.00     0.00     0.00     0.00     0.00     0.00  
QPR              46   66   +9      66.00     0.00     9.00     0.00     0.00     0.00     0.00     0.00     0.00  
Blackburn        46   62   +4      62.00     0.00     4.00     0.00     0.00     0.00     0.00     0.00     0.00  
Norwich          46   57   -5      57.00     0.00    -5.00     0.00     0.00     0.00     0.00     0.00     0.00  
Tranmere         46   57  -11      57.00     0.00   -11.00     0.00     0.00     0.00     0.00     0.00     0.00  
Nott'm_Forest    46   56   -2      56.00     0.00    -2.00     0.00     0.00     0.00     0.00     0.00     0.00  
Crystal_Palace   46   54  -10      54.00     0.00   -10.00     0.00     0.00     0.00     0.00     0.00     0.00  
Sheff_Utd        46   54  -12      54.00     0.00   -12.00     0.00     0.00     0.00     0.00     0.00     0.00  
Stockport        46   54  -12      54.00     0.00   -12.00     0.00     0.00     0.00     0.00     0.00     0.00  
Portsmouth       46   51  -11      51.00     0.00   -11.00     0.00     0.00     0.00     0.00     0.00     0.00  
Crewe            46   51  -21      51.00     0.00   -21.00     0.00     0.00     0.00     0.00     0.00     0.00  
Grimsby          46   51  -26      51.00     0.00   -26.00     0.00     0.00     0.00     0.00     0.00     0.00  
West_Brom        46   49  -17      49.00     0.00   -17.00     0.00     0.00     0.00     0.00     0.00     0.00  
Walsall          46   46  -25      46.00     0.00   -25.00     0.00     0.00     0.00     0.00   100.00R    0.00  
Port_Vale        46   36  -21      36.00     0.00   -21.00     0.00     0.00     0.00     0.00   100.00R    0.00  
Swindon          46   36  -39      36.00     0.00   -39.00     0.00     0.00     0.00     0.00   100.00R  100.00  
