ASOF         2013-02-23T07:14:57+0000
UPDATED      2013-02-23T07:14:57+0000
LASTPLAYED   2012-05-05 AFC_Wimbledon Shrewsbury 3 1
ITERATIONS   2
BEGINTABLE
                    -- Current --     ------- Expected -------     --------------- Percentage chance ---------------
Team                Pld  Pts   GD     Points  sd(pts)       GD     Top1     Top3     Top7  3+[4-7]     Bot2     Bot1
Swindon              46   93  +43      93.00     0.00    43.00   100.00   100.00   100.00   100.00P    0.00     0.00  
Shrewsbury           46   88  +25      88.00     0.00    25.00     0.00   100.00   100.00   100.00P    0.00     0.00  
Crawley_Town         46   84  +22      84.00     0.00    22.00     0.00   100.00   100.00   100.00P    0.00     0.00  
Southend             46   83  +29      83.00     0.00    29.00     0.00     0.00   100.00    50.00P    0.00     0.00  
Torquay              46   81  +13      81.00     0.00    13.00     0.00     0.00   100.00     0.00     0.00     0.00  
Cheltenham           46   77  +16      77.00     0.00    16.00     0.00     0.00   100.00    50.00P    0.00     0.00  
Crewe                46   72   +8      72.00     0.00     8.00     0.00     0.00   100.00     0.00     0.00     0.00  
Gillingham           46   70  +17      70.00     0.00    17.00     0.00     0.00     0.00     0.00     0.00     0.00  
Oxford_Utd           46   68  +11      68.00     0.00    11.00     0.00     0.00     0.00     0.00     0.00     0.00  
Rotherham            46   67   +4      67.00     0.00     4.00     0.00     0.00     0.00     0.00     0.00     0.00  
Aldershot            46   66   +2      66.00     0.00     2.00     0.00     0.00     0.00     0.00     0.00     0.00  
Port_Vale            46   59   +8      59.00     0.00     8.00     0.00     0.00     0.00     0.00     0.00     0.00  
Bristol_Rovers       46   57  -10      57.00     0.00   -10.00     0.00     0.00     0.00     0.00     0.00     0.00  
Accrington_Stanley   46   57  -12      57.00     0.00   -12.00     0.00     0.00     0.00     0.00     0.00     0.00  
Morecambe            46   56   +6      56.00     0.00     6.00     0.00     0.00     0.00     0.00     0.00     0.00  
AFC_Wimbledon        46   54  -16      54.00     0.00   -16.00     0.00     0.00     0.00     0.00     0.00     0.00  
Burton_Albion        46   54  -27      54.00     0.00   -27.00     0.00     0.00     0.00     0.00     0.00     0.00  
Bradford             46   50   -5      50.00     0.00    -5.00     0.00     0.00     0.00     0.00     0.00     0.00  
Dag_&_Red            46   50  -22      50.00     0.00   -22.00     0.00     0.00     0.00     0.00     0.00     0.00  
Northampton          46   48  -23      48.00     0.00   -23.00     0.00     0.00     0.00     0.00     0.00     0.00  
Plymouth             46   46  -17      46.00     0.00   -17.00     0.00     0.00     0.00     0.00     0.00     0.00  
Barnet               46   46  -27      46.00     0.00   -27.00     0.00     0.00     0.00     0.00     0.00     0.00  
Hereford             46   44  -20      44.00     0.00   -20.00     0.00     0.00     0.00     0.00   100.00R    0.00  
Macclesfield         46   37  -25      37.00     0.00   -25.00     0.00     0.00     0.00     0.00   100.00R  100.00  

Adjustments:
Port_Vale            -10
