ASOF         2013-02-23T07:14:56+0000
UPDATED      2013-02-23T07:14:56+0000
LASTPLAYED   2008-08-09 Accrington_Stanley Aldershot 0 1
ITERATIONS   2
BEGINTABLE
                    -- Current --     ------- Expected -------     --------------- Percentage chance ---------------
Team                Pld  Pts   GD     Points  sd(pts)       GD     Top1     Top3     Top7  3+[4-7]     Bot2     Bot1
Brentford            46   85  +29      85.00     0.00    29.00   100.00   100.00   100.00   100.00P    0.00     0.00  
Exeter               46   79  +15      79.00     0.00    15.00     0.00   100.00   100.00   100.00P    0.00     0.00  
Wycombe              46   78  +21      78.00     0.00    21.00     0.00   100.00   100.00   100.00P    0.00     0.00  
Bury                 46   78  +20      78.00     0.00    20.00     0.00     0.00   100.00     0.00     0.00     0.00  
Gillingham           46   75   +3      75.00     0.00     3.00     0.00     0.00   100.00     0.00     0.00     0.00  
Rochdale             46   70  +11      70.00     0.00    11.00     0.00     0.00   100.00   100.00P    0.00     0.00  
Shrewsbury           46   69  +17      69.00     0.00    17.00     0.00     0.00   100.00     0.00     0.00     0.00  
Dag_&_Red            46   68  +24      68.00     0.00    24.00     0.00     0.00     0.00     0.00     0.00     0.00  
Bradford             46   67  +11      67.00     0.00    11.00     0.00     0.00     0.00     0.00     0.00     0.00  
Chesterfield         46   63   +5      63.00     0.00     5.00     0.00     0.00     0.00     0.00     0.00     0.00  
Morecambe            46   63   -3      63.00     0.00    -3.00     0.00     0.00     0.00     0.00     0.00     0.00  
Darlington           46   62  +17      62.00     0.00    17.00     0.00     0.00     0.00     0.00     0.00     0.00  
Lincoln_City         46   59   +1      59.00     0.00     1.00     0.00     0.00     0.00     0.00     0.00     0.00  
Rotherham            46   58  +14      58.00     0.00    14.00     0.00     0.00     0.00     0.00     0.00     0.00  
Aldershot            46   54  -21      54.00     0.00   -21.00     0.00     0.00     0.00     0.00     0.00     0.00  
Accrington_Stanley   46   50  -17      50.00     0.00   -17.00     0.00     0.00     0.00     0.00     0.00     0.00  
Barnet               46   48  -18      48.00     0.00   -18.00     0.00     0.00     0.00     0.00     0.00     0.00  
Port_Vale            46   48  -22      48.00     0.00   -22.00     0.00     0.00     0.00     0.00     0.00     0.00  
Notts_County         46   47  -20      47.00     0.00   -20.00     0.00     0.00     0.00     0.00     0.00     0.00  
Macclesfield         46   47  -32      47.00     0.00   -32.00     0.00     0.00     0.00     0.00     0.00     0.00  
Bournemouth          46   46   +8      46.00     0.00     8.00     0.00     0.00     0.00     0.00     0.00     0.00  
Grimsby              46   41  -18      41.00     0.00   -18.00     0.00     0.00     0.00     0.00     0.00     0.00  
Chester              46   37  -38      37.00     0.00   -38.00     0.00     0.00     0.00     0.00   100.00R    0.00  
Luton                46   26   -7      26.00     0.00    -7.00     0.00     0.00     0.00     0.00   100.00R  100.00  

Adjustments:
Rotherham            -17
Bournemouth          -17
Luton                -30
Darlington           -10
