ASOF         2013-02-23T07:14:55+0000
UPDATED      2013-02-23T07:14:55+0000
LASTPLAYED   2004-05-08 Bury Macclesfield 2 0
ITERATIONS   2
BEGINTABLE
                -- Current --     ------- Expected -------     --------------- Percentage chance ---------------
Team            Pld  Pts   GD     Points  sd(pts)       GD     Top1     Top3     Top7  3+[4-7]     Bot2     Bot1
Doncaster        46   92  +42      92.00     0.00    42.00   100.00   100.00   100.00   100.00P    0.00     0.00  
Hull             46   88  +38      88.00     0.00    38.00     0.00   100.00   100.00   100.00P    0.00     0.00  
Torquay          46   81  +24      81.00     0.00    24.00     0.00   100.00   100.00   100.00P    0.00     0.00  
Huddersfield     46   81  +16      81.00     0.00    16.00     0.00     0.00   100.00    50.00P    0.00     0.00  
Mansfield        46   75  +14      75.00     0.00    14.00     0.00     0.00   100.00    50.00P    0.00     0.00  
Northampton      46   75   +7      75.00     0.00     7.00     0.00     0.00   100.00     0.00     0.00     0.00  
Lincoln_City     46   74  +21      74.00     0.00    21.00     0.00     0.00   100.00     0.00     0.00     0.00  
Yeovil           46   74  +13      74.00     0.00    13.00     0.00     0.00     0.00     0.00     0.00     0.00  
Oxford_Utd       46   71  +11      71.00     0.00    11.00     0.00     0.00     0.00     0.00     0.00     0.00  
Swansea          46   59   -3      59.00     0.00    -3.00     0.00     0.00     0.00     0.00     0.00     0.00  
Boston           46   59   -4      59.00     0.00    -4.00     0.00     0.00     0.00     0.00     0.00     0.00  
Bury             46   56  -10      56.00     0.00   -10.00     0.00     0.00     0.00     0.00     0.00     0.00  
Cambridge_Utd    46   56  -12      56.00     0.00   -12.00     0.00     0.00     0.00     0.00     0.00     0.00  
Cheltenham       46   56  -14      56.00     0.00   -14.00     0.00     0.00     0.00     0.00     0.00     0.00  
Bristol_Rovers   46   55  -11      55.00     0.00   -11.00     0.00     0.00     0.00     0.00     0.00     0.00  
Kidderminster    46   55  -14      55.00     0.00   -14.00     0.00     0.00     0.00     0.00     0.00     0.00  
Southend         46   54  -12      54.00     0.00   -12.00     0.00     0.00     0.00     0.00     0.00     0.00  
Darlington       46   53   -8      53.00     0.00    -8.00     0.00     0.00     0.00     0.00     0.00     0.00  
Leyton_Orient    46   53  -17      53.00     0.00   -17.00     0.00     0.00     0.00     0.00     0.00     0.00  
Macclesfield     46   52  -15      52.00     0.00   -15.00     0.00     0.00     0.00     0.00     0.00     0.00  
Rochdale         46   50   -9      50.00     0.00    -9.00     0.00     0.00     0.00     0.00     0.00     0.00  
Scunthorpe       46   49   -3      49.00     0.00    -3.00     0.00     0.00     0.00     0.00     0.00     0.00  
Carlisle         46   45  -23      45.00     0.00   -23.00     0.00     0.00     0.00     0.00   100.00R    0.00  
York             46   44  -31      44.00     0.00   -31.00     0.00     0.00     0.00     0.00   100.00R  100.00  
