ASOF         2013-02-23T07:14:53+0000
UPDATED      2013-02-23T07:14:53+0000
LASTPLAYED   1998-05-02 Cardiff Darlington 0 0
ITERATIONS   2
BEGINTABLE
               -- Current --     ------- Expected -------     --------------- Percentage chance ---------------
Team           Pld  Pts   GD     Points  sd(pts)       GD     Top1     Top3     Top7  3+[4-7]     Bot2     Bot1
Notts_County    46   99  +39      99.00     0.00    39.00   100.00   100.00   100.00   100.00P    0.00     0.00  
Macclesfield    46   82  +19      82.00     0.00    19.00     0.00   100.00   100.00   100.00P    0.00     0.00  
Lincoln_City    46   75   +9      75.00     0.00     9.00     0.00   100.00   100.00   100.00P    0.00     0.00  
Colchester      46   74  +12      74.00     0.00    12.00     0.00     0.00   100.00     0.00     0.00     0.00  
Torquay         46   74   +9      74.00     0.00     9.00     0.00     0.00   100.00     0.00     0.00     0.00  
Scarborough     46   72   +9      72.00     0.00     9.00     0.00     0.00   100.00    50.00P    0.00     0.00  
Barnet          46   70  +10      70.00     0.00    10.00     0.00     0.00   100.00    50.00P    0.00     0.00  
Leyton_Orient   46   69  +15      69.00     0.00    15.00     0.00     0.00     0.00     0.00     0.00     0.00  
Scunthorpe      46   69   +4      69.00     0.00     4.00     0.00     0.00     0.00     0.00     0.00     0.00  
Peterborough    46   67  +12      67.00     0.00    12.00     0.00     0.00     0.00     0.00     0.00     0.00  
Rotherham       46   67   +6      67.00     0.00     6.00     0.00     0.00     0.00     0.00     0.00     0.00  
Mansfield       46   65   +9      65.00     0.00     9.00     0.00     0.00     0.00     0.00     0.00     0.00  
Shrewsbury      46   61   -1      61.00     0.00    -1.00     0.00     0.00     0.00     0.00     0.00     0.00  
Chester         46   61   -1      61.00     0.00    -1.00     0.00     0.00     0.00     0.00     0.00     0.00  
Cambridge_Utd   46   60   +6      60.00     0.00     6.00     0.00     0.00     0.00     0.00     0.00     0.00  
Exeter          46   60   +5      60.00     0.00     5.00     0.00     0.00     0.00     0.00     0.00     0.00  
Hartlepool      46   59   +8      59.00     0.00     8.00     0.00     0.00     0.00     0.00     0.00     0.00  
Rochdale        46   58   +1      58.00     0.00     1.00     0.00     0.00     0.00     0.00     0.00     0.00  
Darlington      46   54  -16      54.00     0.00   -16.00     0.00     0.00     0.00     0.00     0.00     0.00  
Cardiff         46   50   -4      50.00     0.00    -4.00     0.00     0.00     0.00     0.00     0.00     0.00  
Swansea         46   50  -13      50.00     0.00   -13.00     0.00     0.00     0.00     0.00     0.00     0.00  
Hull            46   41  -27      41.00     0.00   -27.00     0.00     0.00     0.00     0.00     0.00     0.00  
Brighton        46   35  -28      35.00     0.00   -28.00     0.00     0.00     0.00     0.00   100.00R    0.00  
Doncaster       46   20  -83      20.00     0.00   -83.00     0.00     0.00     0.00     0.00   100.00R  100.00  
