ASOF         2013-02-23T07:14:53+0000
UPDATED      2013-02-23T07:14:53+0000
LASTPLAYED   1994-05-07 Carlisle Colchester 2 0
ITERATIONS   2
BEGINTABLE
              -- Current --     ------- Expected -------     --------------- Percentage chance ---------------
Team          Pld  Pts   GD     Points  sd(pts)       GD     Top1     Top3     Top7  3+[4-7]     Bot2     Bot1
Shrewsbury     42   79  +24      79.00     0.00    24.00   100.00   100.00   100.00   100.00P    0.00     0.00  
Chester        42   74  +23      74.00     0.00    23.00     0.00   100.00   100.00   100.00P    0.00     0.00  
Crewe          42   73  +19      73.00     0.00    19.00     0.00   100.00   100.00   100.00P    0.00     0.00  
Wycombe        42   70  +14      70.00     0.00    14.00     0.00     0.00   100.00   100.00P    0.00     0.00  
Preston        42   67  +19      67.00     0.00    19.00     0.00     0.00   100.00     0.00     0.00     0.00  
Torquay        42   67   +8      67.00     0.00     8.00     0.00     0.00   100.00     0.00     0.00     0.00  
Carlisle       42   64  +15      64.00     0.00    15.00     0.00     0.00   100.00     0.00     0.00     0.00  
Chesterfield   42   62   +7      62.00     0.00     7.00     0.00     0.00     0.00     0.00     0.00     0.00  
Rochdale       42   60  +12      60.00     0.00    12.00     0.00     0.00     0.00     0.00     0.00     0.00  
Walsall        42   60   -5      60.00     0.00    -5.00     0.00     0.00     0.00     0.00     0.00     0.00  
Scunthorpe     42   59   +8      59.00     0.00     8.00     0.00     0.00     0.00     0.00     0.00     0.00  
Mansfield      42   55   -9      55.00     0.00    -9.00     0.00     0.00     0.00     0.00     0.00     0.00  
Bury           42   53   -1      53.00     0.00    -1.00     0.00     0.00     0.00     0.00     0.00     0.00  
Scarborough    42   53   -6      53.00     0.00    -6.00     0.00     0.00     0.00     0.00     0.00     0.00  
Doncaster      42   52  -13      52.00     0.00   -13.00     0.00     0.00     0.00     0.00     0.00     0.00  
Gillingham     42   51   -7      51.00     0.00    -7.00     0.00     0.00     0.00     0.00     0.00     0.00  
Colchester     42   49  -15      49.00     0.00   -15.00     0.00     0.00     0.00     0.00     0.00     0.00  
Lincoln_City   42   47  -11      47.00     0.00   -11.00     0.00     0.00     0.00     0.00     0.00     0.00  
Wigan          42   45  -19      45.00     0.00   -19.00     0.00     0.00     0.00     0.00     0.00     0.00  
Hereford       42   42  -19      42.00     0.00   -19.00     0.00     0.00     0.00     0.00     0.00     0.00  
Darlington     42   41  -22      41.00     0.00   -22.00     0.00     0.00     0.00     0.00   100.00R    0.00  
Northampton    42   38  -22      38.00     0.00   -22.00     0.00     0.00     0.00     0.00   100.00R  100.00  
