ASOF         2013-02-23T07:14:53+0000
UPDATED      2013-02-23T07:14:53+0000
LASTPLAYED   1996-05-04 Arsenal Bolton 2 1
ITERATIONS   2
BEGINTABLE
               -- Current --     ------- Expected -------     ------------------- Percentage chance --------------------
Team           Pld  Pts   GD     Points  sd(pts)       GD     Top1     Top2     Top3     Top4     Top6     Bot3     Bot1
Man_Utd         38   82  +38      82.00     0.00    38.00   100.00   100.00   100.00   100.00   100.00     0.00     0.00  
Newcastle       38   78  +29      78.00     0.00    29.00     0.00   100.00   100.00   100.00   100.00     0.00     0.00  
Liverpool       38   71  +36      71.00     0.00    36.00     0.00     0.00   100.00   100.00   100.00     0.00     0.00  
Aston_Villa     38   63  +17      63.00     0.00    17.00     0.00     0.00     0.00   100.00   100.00     0.00     0.00  
Arsenal         38   63  +17      63.00     0.00    17.00     0.00     0.00     0.00     0.00   100.00     0.00     0.00  
Everton         38   61  +20      61.00     0.00    20.00     0.00     0.00     0.00     0.00   100.00     0.00     0.00  
Blackburn       38   61  +14      61.00     0.00    14.00     0.00     0.00     0.00     0.00     0.00     0.00     0.00  
Tottenham       38   61  +12      61.00     0.00    12.00     0.00     0.00     0.00     0.00     0.00     0.00     0.00  
Nott'm_Forest   38   58   -4      58.00     0.00    -4.00     0.00     0.00     0.00     0.00     0.00     0.00     0.00  
West_Ham        38   51   -9      51.00     0.00    -9.00     0.00     0.00     0.00     0.00     0.00     0.00     0.00  
Chelsea         38   50   +2      50.00     0.00     2.00     0.00     0.00     0.00     0.00     0.00     0.00     0.00  
Middlesbrough   38   43  -15      43.00     0.00   -15.00     0.00     0.00     0.00     0.00     0.00     0.00     0.00  
Leeds_United    38   43  -17      43.00     0.00   -17.00     0.00     0.00     0.00     0.00     0.00     0.00     0.00  
AFC_Wimbledon   38   41  -15      41.00     0.00   -15.00     0.00     0.00     0.00     0.00     0.00     0.00     0.00  
Sheff_Wed       38   40  -13      40.00     0.00   -13.00     0.00     0.00     0.00     0.00     0.00     0.00     0.00  
Coventry        38   38  -18      38.00     0.00   -18.00     0.00     0.00     0.00     0.00     0.00     0.00     0.00  
Southampton     38   38  -18      38.00     0.00   -18.00     0.00     0.00     0.00     0.00     0.00     0.00     0.00  
Man_City        38   38  -25      38.00     0.00   -25.00     0.00     0.00     0.00     0.00     0.00   100.00R    0.00  
QPR             38   33  -19      33.00     0.00   -19.00     0.00     0.00     0.00     0.00     0.00   100.00R    0.00  
Bolton          38   29  -32      29.00     0.00   -32.00     0.00     0.00     0.00     0.00     0.00   100.00R  100.00  
