ASOF         2013-02-23T07:14:57+0000
UPDATED      2013-02-23T07:14:57+0000
LASTPLAYED   2012-04-28 Barnsley Brighton 0 0
ITERATIONS   2
BEGINTABLE
                -- Current --     ------- Expected -------     --------------- Percentage chance ---------------
Team            Pld  Pts   GD     Points  sd(pts)       GD     Top1     Top2     Top6  2+[3-6]     Bot3     Bot1
Reading          46   89  +28      89.00     0.00    28.00   100.00   100.00   100.00   100.00P    0.00     0.00  
Southampton      46   88  +39      88.00     0.00    39.00     0.00   100.00   100.00   100.00P    0.00     0.00  
West_Ham         46   86  +33      86.00     0.00    33.00     0.00     0.00   100.00     0.00     0.00     0.00  
Birmingham       46   76  +27      76.00     0.00    27.00     0.00     0.00   100.00    50.00P    0.00     0.00  
Blackpool        46   75  +20      75.00     0.00    20.00     0.00     0.00   100.00     0.00     0.00     0.00  
Cardiff          46   75  +13      75.00     0.00    13.00     0.00     0.00   100.00    50.00P    0.00     0.00  
Middlesbrough    46   70   +1      70.00     0.00     1.00     0.00     0.00     0.00     0.00     0.00     0.00  
Hull             46   68   +3      68.00     0.00     3.00     0.00     0.00     0.00     0.00     0.00     0.00  
Leicester        46   66  +11      66.00     0.00    11.00     0.00     0.00     0.00     0.00     0.00     0.00  
Brighton         46   66   +0      66.00     0.00     0.00     0.00     0.00     0.00     0.00     0.00     0.00  
Watford          46   64   -8      64.00     0.00    -8.00     0.00     0.00     0.00     0.00     0.00     0.00  
Derby            46   64   -8      64.00     0.00    -8.00     0.00     0.00     0.00     0.00     0.00     0.00  
Burnley          46   62   +3      62.00     0.00     3.00     0.00     0.00     0.00     0.00     0.00     0.00  
Leeds_United     46   61   -3      61.00     0.00    -3.00     0.00     0.00     0.00     0.00     0.00     0.00  
Ipswich          46   61   -8      61.00     0.00    -8.00     0.00     0.00     0.00     0.00     0.00     0.00  
Millwall         46   57   -2      57.00     0.00    -2.00     0.00     0.00     0.00     0.00     0.00     0.00  
Crystal_Palace   46   56   -5      56.00     0.00    -5.00     0.00     0.00     0.00     0.00     0.00     0.00  
Peterborough     46   50  -10      50.00     0.00   -10.00     0.00     0.00     0.00     0.00     0.00     0.00  
Nott'm_Forest    46   50  -15      50.00     0.00   -15.00     0.00     0.00     0.00     0.00     0.00     0.00  
Bristol_City     46   49  -24      49.00     0.00   -24.00     0.00     0.00     0.00     0.00     0.00     0.00  
Barnsley         46   48  -25      48.00     0.00   -25.00     0.00     0.00     0.00     0.00     0.00     0.00  
Portsmouth       46   40   -9      40.00     0.00    -9.00     0.00     0.00     0.00     0.00   100.00R    0.00  
Coventry         46   40  -24      40.00     0.00   -24.00     0.00     0.00     0.00     0.00   100.00R    0.00  
Doncaster        46   36  -37      36.00     0.00   -37.00     0.00     0.00     0.00     0.00   100.00R  100.00  

Adjustments:
Portsmouth       -10
