ASOF         2013-02-23T07:14:56+0000
UPDATED      2013-02-23T07:14:56+0000
LASTPLAYED   2007-08-11 Bradford Macclesfield 1 1
ITERATIONS   2
BEGINTABLE
                    -- Current --     ------- Expected -------     --------------- Percentage chance ---------------
Team                Pld  Pts   GD     Points  sd(pts)       GD     Top1     Top3     Top7  3+[4-7]     Bot2     Bot1
MK_Dons              46   97  +45      97.00     0.00    45.00   100.00   100.00   100.00   100.00P    0.00     0.00  
Peterborough         46   92  +41      92.00     0.00    41.00     0.00   100.00   100.00   100.00P    0.00     0.00  
Hereford             46   88  +31      88.00     0.00    31.00     0.00   100.00   100.00   100.00P    0.00     0.00  
Stockport            46   82  +18      82.00     0.00    18.00     0.00     0.00   100.00     0.00     0.00     0.00  
Rochdale             46   80  +23      80.00     0.00    23.00     0.00     0.00   100.00     0.00     0.00     0.00  
Darlington           46   78  +27      78.00     0.00    27.00     0.00     0.00   100.00   100.00P    0.00     0.00  
Wycombe              46   78  +14      78.00     0.00    14.00     0.00     0.00   100.00     0.00     0.00     0.00  
Chesterfield         46   69  +20      69.00     0.00    20.00     0.00     0.00     0.00     0.00     0.00     0.00  
Rotherham            46   64   +4      64.00     0.00     4.00     0.00     0.00     0.00     0.00     0.00     0.00  
Bradford             46   62   +2      62.00     0.00     2.00     0.00     0.00     0.00     0.00     0.00     0.00  
Morecambe            46   60   -4      60.00     0.00    -4.00     0.00     0.00     0.00     0.00     0.00     0.00  
Barnet               46   60   -7      60.00     0.00    -7.00     0.00     0.00     0.00     0.00     0.00     0.00  
Bury                 46   59   -3      59.00     0.00    -3.00     0.00     0.00     0.00     0.00     0.00     0.00  
Brentford            46   59  -18      59.00     0.00   -18.00     0.00     0.00     0.00     0.00     0.00     0.00  
Lincoln_City         46   58  -16      58.00     0.00   -16.00     0.00     0.00     0.00     0.00     0.00     0.00  
Grimsby              46   55  -11      55.00     0.00   -11.00     0.00     0.00     0.00     0.00     0.00     0.00  
Accrington_Stanley   46   51  -34      51.00     0.00   -34.00     0.00     0.00     0.00     0.00     0.00     0.00  
Shrewsbury           46   50   -9      50.00     0.00    -9.00     0.00     0.00     0.00     0.00     0.00     0.00  
Macclesfield         46   50  -17      50.00     0.00   -17.00     0.00     0.00     0.00     0.00     0.00     0.00  
Dag_&_Red            46   49  -21      49.00     0.00   -21.00     0.00     0.00     0.00     0.00     0.00     0.00  
Notts_County         46   48  -16      48.00     0.00   -16.00     0.00     0.00     0.00     0.00     0.00     0.00  
Chester              46   47  -17      47.00     0.00   -17.00     0.00     0.00     0.00     0.00     0.00     0.00  
Mansfield            46   42  -20      42.00     0.00   -20.00     0.00     0.00     0.00     0.00   100.00R    0.00  
Wrexham              46   40  -32      40.00     0.00   -32.00     0.00     0.00     0.00     0.00   100.00R  100.00  

Adjustments:
Rotherham            -10
