ASOF         2016-07-01T21:00:01+0000
UPDATED      2016-07-01T21:00:01+0000
LASTPLAYED   2016-05-17 Man_Utd Bournemouth 3 1
ITERATIONS   50000
BEGINTABLE
                -- Current --     --------- Luck ---------   ------- Expected -------     ------------------- Percentage chance --------------------
Team            Pld  Pts   GD     Points   %(pts)       GD   Points  sd(pts)       GD     Top1     Top2     Top3     Top4     Top6     Bot3     Bot1
Leicester        38   81  +32      20.25    98.72    19.05    81.00     0.00    32.00   100.00   100.00   100.00   100.00   100.00     0.00     0.00  
Arsenal          38   71  +29      -0.26    48.35    -0.46    71.00     0.00    29.00     0.00   100.00   100.00   100.00   100.00     0.00     0.00  
Tottenham        38   70  +34       3.18    63.25    11.36    70.00     0.00    34.00     0.00     0.00   100.00   100.00   100.00     0.00     0.00  
Man_City         38   66  +30      -8.95    15.69    -6.89    66.00     0.00    30.00     0.00     0.00     0.00   100.00   100.00     0.00     0.00  
Man_Utd          38   66  +14       1.44    56.19    -4.34    66.00     0.00    14.00     0.00     0.00     0.00     0.00   100.00     0.00     0.00  
Southampton      38   63  +18       0.85    53.68     3.09    63.00     0.00    18.00     0.00     0.00     0.00     0.00   100.00     0.00     0.00  
West_Ham         38   62  +14       6.54    75.92     9.42    62.00     0.00    14.00     0.00     0.00     0.00     0.00     0.00     0.00     0.00  
Liverpool        38   60  +13      -1.56    43.31    -1.48    60.00     0.00    13.00     0.00     0.00     0.00     0.00     0.00     0.00     0.00  
Stoke            38   51  -14       5.13    71.99    -4.50    51.00     0.00   -14.00     0.00     0.00     0.00     0.00     0.00     0.00     0.00  
Chelsea          38   50   +6     -15.72     4.18   -14.91    50.00     0.00     6.00     0.00     0.00     0.00     0.00     0.00     0.00     0.00  
Everton          38   47   +4      -8.74    17.36    -0.95    47.00     0.00     4.00     0.00     0.00     0.00     0.00     0.00     0.00     0.00  
Swansea          38   47  -10      -0.27    49.26    -2.43    47.00     0.00   -10.00     0.00     0.00     0.00     0.00     0.00     0.00     0.00  
Watford          38   45  -10       1.63    57.96     3.76    45.00     0.00   -10.00     0.00     0.00     0.00     0.00     0.00     0.00     0.00  
West_Brom        38   43  -14       0.17    51.68    -0.56    43.00     0.00   -14.00     0.00     0.00     0.00     0.00     0.00     0.00     0.00  
Crystal_Palace   38   42  -12      -1.48    44.13     0.84    42.00     0.00   -12.00     0.00     0.00     0.00     0.00     0.00     0.00     0.00  
Bournemouth      38   42  -22       2.66    62.37     0.37    42.00     0.00   -22.00     0.00     0.00     0.00     0.00     0.00     0.00     0.00  
Sunderland       38   39  -14      -2.51    39.72     3.16    39.00     0.00   -14.00     0.00     0.00     0.00     0.00     0.00     0.00     0.00  
Newcastle        38   37  -21      -2.64    38.87     0.08    37.00     0.00   -21.00     0.00     0.00     0.00     0.00     0.00   100.00R    0.00  
Norwich          38   34  -28      -3.63    34.51    -3.77    34.00     0.00   -28.00     0.00     0.00     0.00     0.00     0.00   100.00R    0.00  
Aston_Villa      38   17  -49     -12.03     5.38   -10.85    17.00     0.00   -49.00     0.00     0.00     0.00     0.00     0.00   100.00R  100.00  
