ASOF         2013-02-23T07:14:56+0000
UPDATED      2013-02-23T07:14:56+0000
LASTPLAYED   2008-08-09 Bristol_Rovers Carlisle 2 3
ITERATIONS   2
BEGINTABLE
                -- Current --     ------- Expected -------     --------------- Percentage chance ---------------
Team            Pld  Pts   GD     Points  sd(pts)       GD     Top1     Top2     Top6  2+[3-6]     Bot4     Bot1
Leicester        46   96  +45      96.00     0.00    45.00   100.00   100.00   100.00   100.00P    0.00     0.00  
Peterborough     46   89  +24      89.00     0.00    24.00     0.00   100.00   100.00   100.00P    0.00     0.00  
MK_Dons          46   87  +36      87.00     0.00    36.00     0.00     0.00   100.00     0.00     0.00     0.00  
Leeds_United     46   84  +28      84.00     0.00    28.00     0.00     0.00   100.00    50.00P    0.00     0.00  
Millwall         46   82  +10      82.00     0.00    10.00     0.00     0.00   100.00    50.00P    0.00     0.00  
Scunthorpe       46   76  +19      76.00     0.00    19.00     0.00     0.00   100.00     0.00     0.00     0.00  
Tranmere         46   74  +13      74.00     0.00    13.00     0.00     0.00     0.00     0.00     0.00     0.00  
Southend         46   71   -3      71.00     0.00    -3.00     0.00     0.00     0.00     0.00     0.00     0.00  
Huddersfield     46   68   -3      68.00     0.00    -3.00     0.00     0.00     0.00     0.00     0.00     0.00  
Oldham           46   65   +1      65.00     0.00     1.00     0.00     0.00     0.00     0.00     0.00     0.00  
Bristol_Rovers   46   63  +18      63.00     0.00    18.00     0.00     0.00     0.00     0.00     0.00     0.00  
Colchester       46   63   +0      63.00     0.00     0.00     0.00     0.00     0.00     0.00     0.00     0.00  
Walsall          46   61   -5      61.00     0.00    -5.00     0.00     0.00     0.00     0.00     0.00     0.00  
Leyton_Orient    46   56  -12      56.00     0.00   -12.00     0.00     0.00     0.00     0.00     0.00     0.00  
Swindon          46   53   -3      53.00     0.00    -3.00     0.00     0.00     0.00     0.00     0.00     0.00  
Brighton         46   52  -15      52.00     0.00   -15.00     0.00     0.00     0.00     0.00     0.00     0.00  
Yeovil           46   51  -25      51.00     0.00   -25.00     0.00     0.00     0.00     0.00     0.00     0.00  
Stockport        46   50   +2      50.00     0.00     2.00     0.00     0.00     0.00     0.00     0.00     0.00  
Hartlepool       46   50  -13      50.00     0.00   -13.00     0.00     0.00     0.00     0.00     0.00     0.00  
Carlisle         46   50  -13      50.00     0.00   -13.00     0.00     0.00     0.00     0.00     0.00     0.00  
Northampton      46   49   -4      49.00     0.00    -4.00     0.00     0.00     0.00     0.00   100.00R    0.00  
Crewe            46   46  -23      46.00     0.00   -23.00     0.00     0.00     0.00     0.00   100.00R    0.00  
Cheltenham       46   39  -40      39.00     0.00   -40.00     0.00     0.00     0.00     0.00   100.00R    0.00  
Hereford         46   34  -37      34.00     0.00   -37.00     0.00     0.00     0.00     0.00   100.00R  100.00  

Adjustments:
Stockport        -10
