ASOF         2013-02-23T07:14:56+0000
UPDATED      2013-02-23T07:14:56+0000
LASTPLAYED   2010-05-08 Barnet Rochdale 1 0
ITERATIONS   2
BEGINTABLE
                    -- Current --     ------- Expected -------     --------------- Percentage chance ---------------
Team                Pld  Pts   GD     Points  sd(pts)       GD     Top1     Top3     Top7  3+[4-7]     Bot2     Bot1
Notts_County         46   93  +65      93.00     0.00    65.00   100.00   100.00   100.00   100.00P    0.00     0.00  
Bournemouth          46   83  +17      83.00     0.00    17.00     0.00   100.00   100.00   100.00P    0.00     0.00  
Rochdale             46   82  +34      82.00     0.00    34.00     0.00   100.00   100.00   100.00P    0.00     0.00  
Morecambe            46   73   +9      73.00     0.00     9.00     0.00     0.00   100.00    50.00P    0.00     0.00  
Rotherham            46   73   +3      73.00     0.00     3.00     0.00     0.00   100.00     0.00     0.00     0.00  
Aldershot            46   72  +13      72.00     0.00    13.00     0.00     0.00   100.00     0.00     0.00     0.00  
Dag_&_Red            46   72  +11      72.00     0.00    11.00     0.00     0.00   100.00    50.00P    0.00     0.00  
Chesterfield         46   70   -1      70.00     0.00    -1.00     0.00     0.00     0.00     0.00     0.00     0.00  
Bury                 46   69   -5      69.00     0.00    -5.00     0.00     0.00     0.00     0.00     0.00     0.00  
Port_Vale            46   68  +11      68.00     0.00    11.00     0.00     0.00     0.00     0.00     0.00     0.00  
Northampton          46   67   +9      67.00     0.00     9.00     0.00     0.00     0.00     0.00     0.00     0.00  
Shrewsbury           46   63   +1      63.00     0.00     1.00     0.00     0.00     0.00     0.00     0.00     0.00  
Burton_Albion        46   62   +0      62.00     0.00     0.00     0.00     0.00     0.00     0.00     0.00     0.00  
Bradford             46   62   -3      62.00     0.00    -3.00     0.00     0.00     0.00     0.00     0.00     0.00  
Accrington_Stanley   46   61  -12      61.00     0.00   -12.00     0.00     0.00     0.00     0.00     0.00     0.00  
Hereford             46   59  -11      59.00     0.00   -11.00     0.00     0.00     0.00     0.00     0.00     0.00  
Torquay              46   57   +9      57.00     0.00     9.00     0.00     0.00     0.00     0.00     0.00     0.00  
Crewe                46   55   -5      55.00     0.00    -5.00     0.00     0.00     0.00     0.00     0.00     0.00  
Macclesfield         46   54   -9      54.00     0.00    -9.00     0.00     0.00     0.00     0.00     0.00     0.00  
Lincoln_City         46   50  -23      50.00     0.00   -23.00     0.00     0.00     0.00     0.00     0.00     0.00  
Barnet               46   48  -16      48.00     0.00   -16.00     0.00     0.00     0.00     0.00     0.00     0.00  
Cheltenham           46   48  -17      48.00     0.00   -17.00     0.00     0.00     0.00     0.00     0.00     0.00  
Grimsby              46   44  -26      44.00     0.00   -26.00     0.00     0.00     0.00     0.00   100.00R    0.00  
Darlington           46   30  -54      30.00     0.00   -54.00     0.00     0.00     0.00     0.00   100.00R  100.00  
