ASOF         2013-02-23T07:14:54+0000
UPDATED      2013-02-23T07:14:54+0000
LASTPLAYED   1999-05-09 Bristol_City Norwich 1 0
ITERATIONS   2
BEGINTABLE
                -- Current --     ------- Expected -------     --------------- Percentage chance ---------------
Team            Pld  Pts   GD     Points  sd(pts)       GD     Top1     Top2     Top6  2+[3-6]     Bot3     Bot1
Sunderland       46  105  +63     105.00     0.00    63.00   100.00   100.00   100.00   100.00P    0.00     0.00  
Bradford         46   87  +35      87.00     0.00    35.00     0.00   100.00   100.00   100.00P    0.00     0.00  
Ipswich          46   86  +37      86.00     0.00    37.00     0.00     0.00   100.00     0.00     0.00     0.00  
Birmingham       46   81  +29      81.00     0.00    29.00     0.00     0.00   100.00    50.00P    0.00     0.00  
Watford          46   77   +9      77.00     0.00     9.00     0.00     0.00   100.00     0.00     0.00     0.00  
Bolton           46   76  +19      76.00     0.00    19.00     0.00     0.00   100.00    50.00P    0.00     0.00  
Wolverhampton    46   73  +21      73.00     0.00    21.00     0.00     0.00     0.00     0.00     0.00     0.00  
Sheff_Utd        46   67   +5      67.00     0.00     5.00     0.00     0.00     0.00     0.00     0.00     0.00  
Norwich          46   62   +1      62.00     0.00     1.00     0.00     0.00     0.00     0.00     0.00     0.00  
Huddersfield     46   61   -9      61.00     0.00    -9.00     0.00     0.00     0.00     0.00     0.00     0.00  
Grimsby          46   61  -12      61.00     0.00   -12.00     0.00     0.00     0.00     0.00     0.00     0.00  
Barnsley         46   59   +3      59.00     0.00     3.00     0.00     0.00     0.00     0.00     0.00     0.00  
West_Brom        46   59   -7      59.00     0.00    -7.00     0.00     0.00     0.00     0.00     0.00     0.00  
Crystal_Palace   46   58  -13      58.00     0.00   -13.00     0.00     0.00     0.00     0.00     0.00     0.00  
Tranmere         46   56   +2      56.00     0.00     2.00     0.00     0.00     0.00     0.00     0.00     0.00  
Stockport        46   53  -11      53.00     0.00   -11.00     0.00     0.00     0.00     0.00     0.00     0.00  
Swindon          46   50  -22      50.00     0.00   -22.00     0.00     0.00     0.00     0.00     0.00     0.00  
Crewe            46   48  -24      48.00     0.00   -24.00     0.00     0.00     0.00     0.00     0.00     0.00  
QPR              46   47   -9      47.00     0.00    -9.00     0.00     0.00     0.00     0.00     0.00     0.00  
Portsmouth       46   47  -16      47.00     0.00   -16.00     0.00     0.00     0.00     0.00     0.00     0.00  
Bury             46   47  -25      47.00     0.00   -25.00     0.00     0.00     0.00     0.00     0.00     0.00  
Port_Vale        46   47  -30      47.00     0.00   -30.00     0.00     0.00     0.00     0.00   100.00R    0.00  
Oxford_Utd       46   44  -23      44.00     0.00   -23.00     0.00     0.00     0.00     0.00   100.00R    0.00  
Bristol_City     46   42  -23      42.00     0.00   -23.00     0.00     0.00     0.00     0.00   100.00R  100.00  
