ASOF         2013-02-23T07:14:55+0000
UPDATED      2013-02-23T07:14:55+0000
LASTPLAYED   2006-05-06 Stockport Carlisle 0 0
ITERATIONS   2
BEGINTABLE
                  -- Current --     ------- Expected -------     --------------- Percentage chance ---------------
Team              Pld  Pts   GD     Points  sd(pts)       GD     Top1     Top3     Top7  3+[4-7]     Bot2     Bot1
Carlisle           46   86  +42      86.00     0.00    42.00   100.00   100.00   100.00   100.00P    0.00     0.00  
Northampton        46   83  +26      83.00     0.00    26.00     0.00   100.00   100.00   100.00P    0.00     0.00  
Leyton_Orient      46   81  +16      81.00     0.00    16.00     0.00   100.00   100.00   100.00P    0.00     0.00  
Grimsby            46   78  +20      78.00     0.00    20.00     0.00     0.00   100.00   100.00P    0.00     0.00  
Cheltenham         46   72  +12      72.00     0.00    12.00     0.00     0.00   100.00     0.00     0.00     0.00  
Wycombe            46   71  +16      71.00     0.00    16.00     0.00     0.00   100.00     0.00     0.00     0.00  
Lincoln_City       46   66  +12      66.00     0.00    12.00     0.00     0.00   100.00     0.00     0.00     0.00  
Darlington         46   63   +6      63.00     0.00     6.00     0.00     0.00     0.00     0.00     0.00     0.00  
Peterborough       46   62   +8      62.00     0.00     8.00     0.00     0.00     0.00     0.00     0.00     0.00  
Shrewsbury         46   61   +0      61.00     0.00     0.00     0.00     0.00     0.00     0.00     0.00     0.00  
Boston             46   61  -10      61.00     0.00   -10.00     0.00     0.00     0.00     0.00     0.00     0.00  
Bristol_Rovers     46   60   -8      60.00     0.00    -8.00     0.00     0.00     0.00     0.00     0.00     0.00  
Wrexham            46   59   +7      59.00     0.00     7.00     0.00     0.00     0.00     0.00     0.00     0.00  
Rochdale           46   56   -3      56.00     0.00    -3.00     0.00     0.00     0.00     0.00     0.00     0.00  
Chester            46   54   -6      54.00     0.00    -6.00     0.00     0.00     0.00     0.00     0.00     0.00  
Mansfield          46   54   -7      54.00     0.00    -7.00     0.00     0.00     0.00     0.00     0.00     0.00  
Macclesfield       46   54  -11      54.00     0.00   -11.00     0.00     0.00     0.00     0.00     0.00     0.00  
Barnet             46   54  -13      54.00     0.00   -13.00     0.00     0.00     0.00     0.00     0.00     0.00  
Bury               46   53  -12      53.00     0.00   -12.00     0.00     0.00     0.00     0.00     0.00     0.00  
Torquay            46   52  -13      52.00     0.00   -13.00     0.00     0.00     0.00     0.00     0.00     0.00  
Notts_County       46   52  -15      52.00     0.00   -15.00     0.00     0.00     0.00     0.00     0.00     0.00  
Stockport          46   52  -21      52.00     0.00   -21.00     0.00     0.00     0.00     0.00     0.00     0.00  
Oxford_Utd         46   49  -14      49.00     0.00   -14.00     0.00     0.00     0.00     0.00   100.00R    0.00  
Rushden_&_D'mnds   46   45  -32      45.00     0.00   -32.00     0.00     0.00     0.00     0.00   100.00R  100.00  
