ASOF         2013-02-23T07:14:53+0000
UPDATED      2013-02-23T07:14:53+0000
LASTPLAYED   1995-05-07 Bolton Burnley 1 1
ITERATIONS   2
BEGINTABLE
               -- Current --     ------- Expected -------     --------------- Percentage chance ---------------
Team           Pld  Pts   GD     Points  sd(pts)       GD     Top1     Top2     Top6  2+[3-6]     Bot3     Bot1
Middlesbrough   46   82  +27      82.00     0.00    27.00   100.00   100.00   100.00   100.00P    0.00     0.00  
Reading         46   79  +14      79.00     0.00    14.00     0.00   100.00   100.00   100.00P    0.00     0.00  
Bolton          46   77  +22      77.00     0.00    22.00     0.00     0.00   100.00     0.00     0.00     0.00  
Wolverhampton   46   76  +16      76.00     0.00    16.00     0.00     0.00   100.00     0.00     0.00     0.00  
Tranmere        46   76   +9      76.00     0.00     9.00     0.00     0.00   100.00    50.00P    0.00     0.00  
Barnsley        46   72  +11      72.00     0.00    11.00     0.00     0.00   100.00    50.00P    0.00     0.00  
Watford         46   70   +6      70.00     0.00     6.00     0.00     0.00     0.00     0.00     0.00     0.00  
Sheff_Utd       46   68  +19      68.00     0.00    19.00     0.00     0.00     0.00     0.00     0.00     0.00  
Derby           46   66  +15      66.00     0.00    15.00     0.00     0.00     0.00     0.00     0.00     0.00  
Grimsby         46   65   +6      65.00     0.00     6.00     0.00     0.00     0.00     0.00     0.00     0.00  
Stoke           46   63   -3      63.00     0.00    -3.00     0.00     0.00     0.00     0.00     0.00     0.00  
Millwall        46   62   +0      62.00     0.00     0.00     0.00     0.00     0.00     0.00     0.00     0.00  
Southend        46   62  -19      62.00     0.00   -19.00     0.00     0.00     0.00     0.00     0.00     0.00  
Oldham          46   61   +0      61.00     0.00     0.00     0.00     0.00     0.00     0.00     0.00     0.00  
Charlton        46   59   -8      59.00     0.00    -8.00     0.00     0.00     0.00     0.00     0.00     0.00  
Luton           46   58   -3      58.00     0.00    -3.00     0.00     0.00     0.00     0.00     0.00     0.00  
Port_Vale       46   58   -6      58.00     0.00    -6.00     0.00     0.00     0.00     0.00     0.00     0.00  
West_Brom       46   58   -6      58.00     0.00    -6.00     0.00     0.00     0.00     0.00     0.00     0.00  
Portsmouth      46   58  -10      58.00     0.00   -10.00     0.00     0.00     0.00     0.00     0.00     0.00  
Sunderland      46   54   -4      54.00     0.00    -4.00     0.00     0.00     0.00     0.00     0.00     0.00  
Swindon         46   48  -19      48.00     0.00   -19.00     0.00     0.00     0.00     0.00     0.00     0.00  
Burnley         46   46  -25      46.00     0.00   -25.00     0.00     0.00     0.00     0.00   100.00R    0.00  
Bristol_City    46   45  -21      45.00     0.00   -21.00     0.00     0.00     0.00     0.00   100.00R    0.00  
Notts_County    46   40  -21      40.00     0.00   -21.00     0.00     0.00     0.00     0.00   100.00R  100.00  
