ASOF         2013-02-23T07:14:54+0000
UPDATED      2013-02-23T07:14:54+0000
LASTPLAYED   2002-04-21 Birmingham Sheff_Utd 2 0
ITERATIONS   2
BEGINTABLE
                -- Current --     ------- Expected -------     --------------- Percentage chance ---------------
Team            Pld  Pts   GD     Points  sd(pts)       GD     Top1     Top2     Top6  2+[3-6]     Bot3     Bot1
Man_City         46   99  +56      99.00     0.00    56.00   100.00   100.00   100.00   100.00P    0.00     0.00  
West_Brom        46   89  +32      89.00     0.00    32.00     0.00   100.00   100.00   100.00P    0.00     0.00  
Wolverhampton    46   86  +33      86.00     0.00    33.00     0.00     0.00   100.00     0.00     0.00     0.00  
Millwall         46   77  +21      77.00     0.00    21.00     0.00     0.00   100.00     0.00     0.00     0.00  
Birmingham       46   76  +21      76.00     0.00    21.00     0.00     0.00   100.00   100.00P    0.00     0.00  
Norwich          46   75   +9      75.00     0.00     9.00     0.00     0.00   100.00     0.00     0.00     0.00  
Burnley          46   75   +8      75.00     0.00     8.00     0.00     0.00     0.00     0.00     0.00     0.00  
Preston          46   72  +12      72.00     0.00    12.00     0.00     0.00     0.00     0.00     0.00     0.00  
AFC_Wimbledon    46   67   +6      67.00     0.00     6.00     0.00     0.00     0.00     0.00     0.00     0.00  
Crystal_Palace   46   66   +8      66.00     0.00     8.00     0.00     0.00     0.00     0.00     0.00     0.00  
Coventry         46   66   +6      66.00     0.00     6.00     0.00     0.00     0.00     0.00     0.00     0.00  
Gillingham       46   64   -3      64.00     0.00    -3.00     0.00     0.00     0.00     0.00     0.00     0.00  
Sheff_Utd        46   60   -1      60.00     0.00    -1.00     0.00     0.00     0.00     0.00     0.00     0.00  
Watford          46   59   +6      59.00     0.00     6.00     0.00     0.00     0.00     0.00     0.00     0.00  
Bradford         46   55   -7      55.00     0.00    -7.00     0.00     0.00     0.00     0.00     0.00     0.00  
Nott'm_Forest    46   54   -1      54.00     0.00    -1.00     0.00     0.00     0.00     0.00     0.00     0.00  
Portsmouth       46   53  -12      53.00     0.00   -12.00     0.00     0.00     0.00     0.00     0.00     0.00  
Walsall          46   51  -20      51.00     0.00   -20.00     0.00     0.00     0.00     0.00     0.00     0.00  
Grimsby          46   50  -22      50.00     0.00   -22.00     0.00     0.00     0.00     0.00     0.00     0.00  
Sheff_Wed        46   50  -22      50.00     0.00   -22.00     0.00     0.00     0.00     0.00     0.00     0.00  
Rotherham        46   49  -14      49.00     0.00   -14.00     0.00     0.00     0.00     0.00     0.00     0.00  
Crewe            46   49  -29      49.00     0.00   -29.00     0.00     0.00     0.00     0.00   100.00R    0.00  
Barnsley         46   48  -27      48.00     0.00   -27.00     0.00     0.00     0.00     0.00   100.00R    0.00  
Stockport        46   26  -60      26.00     0.00   -60.00     0.00     0.00     0.00     0.00   100.00R  100.00  
